13.13
11.95
8.19
7.87
7.8
4.9
6.84
22.72
6.48
1.44
7.93
3.3
3.75
62.35
-0.0305198975719
0.130729638741
-0.00945001370928
-0.0565074708124
-0.0843740186961
1.57542355583
2.92188879082
-0.0159919405799
0.285423629498
-0.454493683993
-0.0710860760672
-0.0159919405799
0.0199202524415
-0.183635923071
-0.183635923071
-0.198197376135
-0.12989374779
-0.00668178878979
-0.692293277114
-6.95727118233
0.805758736793
0.694063096645
0.694063096645
0.636721983523
-0.17522049559
0.0537421752808
-0.176954134281
-0.174185909361
1