-32.21
-3.79
-4.41
-20.53
-1.56
-2.81
-5.82
18.32
1.24
-4.35
40.24
1.11
0.24
13.69
0.0729213700574
0.0693380143807
0.0853053297849
0.113733905579
-0.154347826087
0.111636393796
0.309431210501
0.0767552161037
-0.354495806515
0.344822640788
-0.00953628885492
0.0767552161037
7.93373493976
0.0446662863662
0.0326012549914
0.1902602053
-0.323997582108
0.0621721888192
-1.75533428165
4.18269230769
-2.06334164589
-2.0933226066
-2.0933226066
-0.772290354657
-0.883337625547
-0.356598837099
-0.0295709338278
-0.0527040747935
1