23.27
8.04
4.06
13.94
5.86
2.43
5.97
32.55
15.62
9.18
3.54
1.29
0.31
17.45
0.010581056302
6.31372920415e-05
0.0831068990655
-0.11753371869
-0.0419880034276
0.101768260837
0.106459996287
0.033212010919
0.317570630005
0.0147524083751
-0.0669557548141
0.033212010919
1.45987862441
-0.0717523071042
-0.0609065547054
-0.233453670277
0.649180327869
-0.0429965072865
-2.95856873823
1.0241187384
-1.95168855535
-1.89477557027
-1.89477557027
3.96069868996
10.7262693157
0.710086882574
-0.0179100474189
-0.144013453771
1