19.55
8.36
4.46
12.12
5.92
2.77
5.72
28.31
11.07
6.01
3.68
1.01
0.49
22.83
0.237863302459
0.255743959305
-0.115753990969
0.0425055928412
0.0283159463487
-0.134706473374
-0.188480126245
0.101493708764
0.157989836251
0.0700291575017
0.110778685211
0.101493708764
-0.950536352801
0.0514635316699
0.0514635316699
0.0248318042813
0.125524435877
-0.174812625356
-4.2247706422
-0.588932806324
-3.21058434399
-3.28073394495
-3.28073394495
1.92912621359
3.21606948969
0.0740609042072
0.226276157026
0.167217522639
-1