13.29
7.64
5.78
14.79
8.39
6.44
7.99
29.14
15.5
10.49
12.35
2.92
0.99
43.5
0.0269666795372
0.0143577109848
-0.124550967281
-0.355105343347
0.0484353227537
0.0860278469392
0.219057808238
-0.0352140499743
0.131289930013
-0.11397369096
-0.19413641994
-0.0352140499743
-0.0833603400688
-0.187150173381
-0.187150173381
-0.186932159857
-0.187679843864
-0.138389031705
-0.262695880806
-0.508934616857
-0.125829728978
-0.118921224761
-0.0815336608274
-0.0883747082399
-0.216989545283
-0.0005296704836
-0.0487611416754
-0.0625992060995
1