21.73
13.02
9.78
17.97
11.04
8.09
11.89
31.22
18.05
13.48
10.78
2.57
1.11
44.99
0.132205255894
0.0591163348036
0.107354499227
0.249863865377
0.11077948386
-0.113886611692
-0.126743322698
0.122768703999
0.243368822817
0.127444642071
-0.143832992718
0.122768703999
0.361193124156
-0.0136453105882
-0.0136453105882
-0.0574273827765
0.098788214771
0.0438241996198
0.180650193693
-0.722284333661
1.08281978618
0.697798679818
0.606572054082
0.314963921412
0.110815231563
0.112433525359
-0.057469510208
-0.120999809815
-1