6.75
3.93
2.09
-0.7
1.06
-0.22
2.94
17.85
12.6
7.73
5.55
1.12
0.62
31.03
-0.0498575042429
0.0552566350281
0.0760496435173
0.0499351491569
-0.209155816884
0.436225699384
0.577639751553
-0.0252815503956
-0.267295204795
0.194158730159
0.0343896546824
-0.0252815503956
0.621973929236
-0.08125
-0.08125
-0.0308306288922
-0.258721827725
1.37937062937
-0.610048743907
1.42105263158
-0.835068721366
-0.858446052218
-1.03200624512
-0.67743630155
-0.484724122207
-0.177471827725
-1.46062062937
-0.157299643517
-1