44.75
14.98
8.33
21.14
8.87
3.94
6.5
23.16
12.63
8.39
5.6
1.57
0.35
18.62
0.0258294760809
0.0968952097754
0.265104382026
0.159237216082
0.126586162501
0.808536139855
1.81115109415
0.119251522279
-0.101384683474
0.0448772310477
0.593486630728
0.119251522279
-0.0706530811356
0.0986400110266
0.0986400110266
0.0842492004123
0.149235603772
0.372886819266
-0.107010461573
-0.15677300362
-0.0914663699685
-0.326798072377
-0.326481691475
0.169403847295
0.139161519171
0.0505955927452
-0.27424680824
-0.166464370999
1