14.27
7.87
5.34
9.39
5.78
3.51
11.93
85.9
19.87
13.27
6.65
1.39
0.75
37.4
0.181638507014
0.143934699459
-0.0181348909869
0.164186269803
0.907322068612
-0.222794048844
-0.534737124464
0.140729098572
0.0486495726496
0.230880187517
0.108004268943
0.140729098572
-0.238931440314
0.067343495462
0.0356924856234
0.172976649286
0.051793759386
0.0866568795367
-0.105272827485
-1.31826985152
-0.373998855835
-0.327695083446
-0.322830942864
-0.229796511628
-0.0967781908302
0.0161012737625
-0.0509643939133
0.0538273766103
-1