62.41
20.16
11.45
59.5
19.47
10.91
8.53
36.89
12.48
9.16
10.3
0.99
0.31
18.34
0.062888904257
0.0919509741781
0.0184976467169
0.250450739212
0.0776543528804
-0.336809021215
-0.59853730463
0.0527476986438
0.405073520449
-0.00311352845438
-0.00411147002809
0.0527476986438
-0.700929103541
0.0746055473924
0.0746055473924
0.0693840924784
0.0836568648442
0.0484716490653
0.206259688577
-0.821252234347
1.09126535534
1.0863125418
1.05199122399
0.604785260217
0.159086551602
0.00905131745188
0.0261338983271
0.0561079006754
-1