41.73
15.23
7.87
38.83
14.5
7.32
5.57
36.75
12.62
8.89
11.03
0.87
0.34
18.86
0.023026779075
0.00463145907296
0.208560170381
0.190086048264
0.305356973969
-0.269436368752
0.117266373285
0.0586693109793
-0.110784354913
0.176558777887
-0.0201385297939
0.0586693109793
-0.574610874676
0.0937866055952
0.0937866055952
0.150684803856
0.00799873766713
0.0246757744964
-0.0409195636834
0.307352325419
-0.172436006301
-0.158632548032
-0.178427488643
-0.085860239172
-0.00717823469976
-0.0857878679281
0.0691108310988
-0.114773564786
-1