21.32
17.82
12.73
14.24
12.25
8.51
11.76
32.9
18.02
12.28
8.33
2.21
3.68
59.73
0.0481142933826
0.0410091808923
0.0751581557224
0.0473820499164
0.0893562207723
0.0808917256073
0.00315864696209
0.0622698278856
0.00848604646253
0.0611154315179
0.22566037201
0.0622698278856
-0.0242874156535
0.125420916359
0.125420916359
0.137434797997
0.101686852636
0.121101856591
0.0705613803444
-0.11944322985
0.080810582385
0.0578435269516
0.0588075927623
0.0374820519514
0.0503707619195
-0.0237340637225
0.0043190597678
0.0502627606365
-1