-22.3
-11.85
-8.39
-22.93
-12.25
-8.62
-3.56
13.62
4.03
-2.52
4.55
1.8
1.82
37.6
-0.282516854115
0.155926467152
-0.043587365001
-0.0317328882185
-0.0590883919725
0.00566395060157
0.00790876664783
-0.116822748782
-0.246395409729
-0.0311720304664
-0.00636411778371
-0.116822748782
-0.086323284862
0.0485465992101
0.0485465992101
0.0568319121967
-0.00112196464586
0.705099560262
-1.60494382022
0.636835827064
-2.00798739579
-2.49126580248
-2.50502952486
0.0207497824076
-0.117481894354
-0.0496685638559
-0.656552961052
0.0921339642111
1