35.63
28.29
20.25
22.59
18.28
12.84
14.15
37.74
17.15
14.63
9.35
1.7
3.31
56.83
0.546591442011
0.132745795009
0.0825055670929
0.153135449053
0.167406488674
-0.247006972767
-0.282929642445
0.299778444588
0.207178505801
0.959119313204
0.232473488801
0.299778444588
-0.0770819883796
0.190515126738
0.190515126738
0.184360773319
0.200808057816
0.128526262467
0.335968121244
0.0433772269558
0.348849104859
0.364298923094
0.524214619919
0.401805967545
0.293126230348
0.0102929310784
0.0619888642701
0.108009559645
1