8.96
7.48
4.55
7.48
6.54
3.8
6.2
38.88
13.21
8.4
10.86
1.59
1.74
50.75
0.0039386501775
-0.029022550375
0.118029204331
0.13412512055
0.233644684874
-0.300432011469
-0.228209100821
0.0379196591691
0.0400255289442
-0.14585063673
0.494357803981
0.0379196591691
-0.215790657569
0.114001903931
0.114001903931
0.0982115564995
0.139768672116
0.090872710696
0.361134304844
0.101291737753
0.485218808194
0.26028484707
0.36606753673
0.16602535726
0.206733288918
0.0257667681858
0.0231291932346
-0.00402730040042
1