-44.04
-11.9
-13.54
-27.13
-6.21
-8.34
-40.19
66.37
59.67
-31.65
6.47
0.71
0.51
30.74
-0.0476424000742
-0.0468406411345
0.173365251354
-1.0
0.241376356979
0.148055179155
0.0719424460432
-0.0365192051338
-0.179418731876
0.0744292515543
-0.128264813357
-0.0365192051338
-0.465492819971
0.312823274941
0.359267416594
0.171753502163
0.39810102562
3.58444630574
-2.21295013706
-0.242601557162
-3.71291357735
-3.76359604479
-3.80434060867
1.32335159215
0.299577360917
0.0388336090259
-3.22517888915
0.18590216524
1