34.35
29.73
15.7
22.21
19.37
10.15
5.93
25.82
6.98
5.56
7.63
1.44
5.81
45.7
0.157257025006
0.0833333333333
0.137257357545
0.206710605153
0.220489977728
0.0731300619343
0.0010556875165
0.143796358732
0.179570097014
0.938294010889
0.0404557463672
0.143796358732
0.441161223432
0.164872925311
0.164872925311
0.175878953637
0.134368504707
0.113848508034
0.215936739659
0.701298701299
0.2376525276
0.208771929825
0.207894736842
0.183929692404
0.195994277539
-0.030504420604
0.0510244172775
0.0276155677658
1