0.46
3.09
0.12
0.37
3.06
0.1
0.32
44.66
17.69
5.06
11.2
0.65
0.38
25.93
-0.0281848307633
-0.312592059593
-0.101241326569
0.00591611479029
-0.130573099415
-0.104468824966
-0.0504319830467
-0.0315866476659
0.0112345892777
-0.0322825648479
-0.164053854405
-0.0315866476659
-0.26104770477
-0.0785983120406
-0.0738268106214
-0.0619289843514
-0.098447023513
-0.362749760965
-1.40190549886
0.818851424028
-1.02130754681
-1.01901751082
-1.01901751082
-0.356425305481
-0.157974432387
-0.0246202128916
0.288922950344
0.0274145159473
1