9.09
7.73
5.35
5.45
5.25
3.2
6.44
42.93
14.54
7.69
8.58
2.13
2.13
58.81
0.200033380623
0.0124133949192
-0.0693406753348
0.141090969844
0.283455603339
-0.454697021962
-0.46952973443
0.106805693729
0.101310322787
0.245263609087
-0.0799549837583
0.106805693729
-0.0597679407626
0.139791548504
0.139791548504
0.164265424913
0.108803830008
0.111315865246
0.0974322210636
-0.193339227822
0.179984938499
0.218097099053
-0.64358357598
-0.402698230877
0.0299366351998
-0.0309877184962
0.0284756832581
0.209132223839
1