-48.6
-20.28
-19.27
-48.98
-20.45
-19.42
-29.48
40.06
20.04
-23.19
11.28
2.13
0.87
39.66
-0.266095821428
-0.128611023637
-0.0717040434788
-0.0236169114999
0.0151024981457
-0.142520733081
-0.205920908892
-0.213566305959
-0.500144338128
0.357626015193
0.0400643784556
-0.213566305959
-0.152428374799
-0.0326260069202
-0.0326260069202
-0.0072939374989
-0.068208965639
1.34053139876
-2.45269463725
1.42265691444
-3.2043323634
-4.00446031132
-3.94185650248
-0.249727254492
-0.161508818297
-0.0355829587188
-1.37315740568
0.0390780365586
1