22.3
18.65
15.18
14.68
12.55
9.99
13.72
34.94
17.21
14.34
9.14
3.01
4.01
68.04
0.430527075419
0.138211237974
0.163075392558
0.164561341519
0.167465490798
0.149561898152
0.171970788657
0.295949995603
0.172797941446
1.34884594274
0.2569128763
0.295949995603
0.12150968578
0.150251142271
0.150251142271
0.115310936661
0.22149424491
0.259830707003
0.170312909239
-10.4273381295
0.113877203871
0.0575445317833
0.0550965706659
0.105166245791
0.189996279446
0.0712431026392
-0.109579564732
-0.0128242502863
-1