14.95
4.63
3.22
10.97
3.63
2.37
6.17
38.12
15.57
12.83
6.88
1.97
0.34
21.55
0.156925935177
0.0
0.00891129045926
-0.114245521431
-0.124386527349
0.214533389657
0.737118420138
0.108810533855
0.195451412819
0.116260323245
-0.0206564432288
0.108810533855
0.0413264834829
-0.131982263488
-0.131982263488
-0.12875368429
-0.137171479436
-0.0825498580419
-0.227821979685
-0.569912593869
4.40660440294
43.8154425612
-9.03681188788
2.22451220542
-0.198910081744
-0.00518921594797
-0.0494324054465
-0.140893553948
-1