10.15
9.0
4.96
4.71
4.42
2.3
2.99
19.43
4.53
2.96
9.19
1.5
5.3
48.87
0.465279709258
0.258111966773
-0.0247050138568
-0.0460425791993
0.150182195493
-0.201490111758
-0.324630426281
0.113178930964
0.0222233842292
1.96107153607
0.0770188330723
0.113178930964
-0.179052551409
-0.0579206258797
-0.0579206258797
-0.0370486493897
-0.135615979921
-0.0396235000027
-0.444811329084
-1.525
-0.43324469509
-0.405596022662
-0.568778889474
-0.340631684913
-0.313561376242
-0.0776953540408
-0.018297125877
-0.0332156120229
-1