21.59
11.53
7.69
21.93
11.66
7.81
16.54
39.6
22.37
17.92
9.39
3.14
0.65
35.6
-0.0764004940783
-0.22179683512
-0.195473330501
-0.271610192031
-0.189042160482
0.523393316195
-0.788505747126
-0.114487973018
-0.00947094670652
-0.0464611376465
-0.517047938219
-0.114487973018
0.16736539252
-0.00974797907751
-0.00974797907751
-0.0125122669284
-0.00550195960205
-0.158434296365
0.274765157985
-0.779531324725
1.12495179329
4.63444108761
4.63444108761
1.01022436808
0.0335551858014
0.00424601947546
0.148686317288
0.185725351423
-1