21.97
14.3
9.35
13.93
9.61
5.93
6.2
31.02
13.27
6.74
5.6
1.34
1.39
42.57
0.0293778298743
0.020942559652
-0.00608380098753
0.0411014955298
0.0109701909778
-0.162124074241
-0.44963655244
0.0163670360212
0.103683386162
-0.0019530154933
-0.0798357059785
0.0163670360212
0.304668761889
0.0637617183439
0.0637617183439
0.0388333423821
0.123730438877
-0.000687175202346
1.03873542755
-0.662718723961
2.62483355526
1.9395229983
1.9395229983
0.220461812509
0.258969951674
0.0599687205332
0.0644488935463
0.0698455193315
-1