14.64
9.32
5.05
15.09
9.52
5.2
3.96
15.43
9.61
4.94
4.24
2.23
0.81
34.47
-0.0786297209624
0.022234974496
0.152642917477
-0.0985802105562
-0.102608445021
0.774269620075
0.785615334979
0.028170242651
0.238165562572
-0.088445666095
0.00956799017229
0.028170242651
0.302131696959
0.138767669378
0.138767669378
0.10254499902
0.388974695166
-0.162969095073
-4.48868941618
-0.159751459017
-2.52681097441
-2.41804775182
-2.52297130338
1.51317323614
1.0277729823
0.250207025788
0.301736764451
-0.0138752480992
-1