28.84
18.14
12.99
18.17
11.88
8.19
17.64
65.78
32.19
28.11
8.53
1.84
1.42
45.05
0.365546218487
0.0838670326319
0.104361472569
0.0333441243121
0.0609809027778
0.159557661927
-0.0701590271282
0.239602711651
0.0856267238737
0.0897312439814
1.30173497611
0.239602711651
-0.316454577589
0.0647746489229
0.0647746489229
0.0706416072586
0.0617476593848
0.0549269896528
0.0710245955544
6.12441314554
-0.288282011983
-0.356357927786
-0.360929124479
-0.264258237163
0.0910473961381
-0.00302698953812
0.00984765927004
-0.0395868236463
1