9.26
8.58
5.52
7.38
7.11
4.41
4.38
22.22
8.38
5.05
6.43
1.95
3.58
59.64
-0.0245192579935
-0.0377638180537
0.102012125472
0.218604958459
-0.0505320152436
0.251240481454
0.368573647424
0.0300454878721
0.0163749949063
0.0889821843159
0.025763639691
0.0300454878721
0.196019187946
0.0462635026098
0.0462635026098
0.0464180369022
0.0457227948341
0.0746120138762
-0.0417288454098
-0.159057971014
-0.020609143677
-0.0103318593214
-0.0103318593214
-0.0474202024729
-0.0587407092106
-0.000540707775627
-0.0283485112664
-0.0557486228625
1