16.85
11.44
7.76
11.4
8.3
5.25
9.68
36.83
15.19
11.25
11.07
1.9
1.36
46.07
0.265977384475
0.1112583094
0.217677809988
0.496508345302
0.379753769656
-0.299461844247
-0.465775757527
0.247088853102
0.200388676165
0.249467894274
0.364535729568
0.247088853102
0.0878797047077
0.241756261918
0.241756261918
0.256660619509
0.216995759466
0.193427543815
0.274170151037
0.0872381117969
0.310732686062
0.294890094205
0.294890094205
0.272402471261
0.264232104031
-0.0247605024519
0.0483287181035
0.0240784519304
1