13.06
9.87
5.61
3.55
4.27
1.52
5.04
26.83
8.75
6.34
8.79
2.27
1.43
42.97
0.10878355542
0.0575141286379
-0.0590856640313
0.0281696111168
-0.199581119656
0.0155838978958
-0.119446510852
-0.000745573159366
0.116583686637
-0.0457659119061
-0.103554850837
-0.000745573159366
-0.0209623933217
-0.0111685348791
-0.0111685348791
-0.00711356905546
-0.022061774483
-0.02329501182
-0.0180586665523
0.517234420407
-0.100007414822
-0.0338131874185
-0.6218054174
-0.398411786795
-0.0399208044204
-0.0108932396039
0.0121264769409
0.0479171291521
1