13.83
7.0
4.49
9.23
5.38
3.0
12.07
87.29
25.55
16.08
7.81
1.45
0.54
32.47
0.108298779616
0.112391737321
-0.126307644909
-0.0552387119269
-0.270705751914
-0.0519171902691
0.00161498003099
0.0759123727758
0.0410527362009
0.0826002300729
0.186224613111
0.0759123727758
-0.447695268394
-0.203030040522
-0.203030040522
-0.492956049411
-0.130680608626
-0.140121713083
-0.0862587143877
0.0958560343404
-0.134030887563
-0.137694696023
-0.138689430726
-0.0702806997301
-0.0570468153022
0.0723494318968
-0.0629083274393
-0.0767223956137
1