16.66
9.59
7.74
10.68
6.49
4.96
27.32
84.26
49.36
30.22
6.51
0.82
1.08
46.44
0.236240794764
0.242402251866
-0.0866059475655
0.248052342248
-0.191473562746
-0.0135657808352
-0.578931109052
0.200262171255
0.129115342637
0.625828057396
-0.335607510771
0.200262171255
-0.69996208565
-0.0602172648799
-0.0602172648799
-0.263306497407
-0.00918714022319
0.043633627496
-0.0914270426064
0.206970207982
-0.114618488107
-0.107229193245
-0.107229193245
0.00918740903555
-0.0121094055653
0.0510301246568
-0.103850892376
0.0263886826856
-1