10.35
7.24
3.81
5.88
5.04
2.16
5.05
28.47
8.65
7.46
14.32
1.6
0.96
36.82
-0.0792816469558
0.0502450980392
-0.0363552692131
0.138562091503
0.163537250151
-0.549356223176
-0.789989118607
-0.0626172398392
0.026840287005
-0.14641943734
-0.0419708029197
-0.0626172398392
-0.0267745952677
-0.291599642538
-0.291599642538
-0.332391381137
-0.163144234334
-0.188504627375
-0.082298136646
-0.190677966102
-0.0196078431373
-0.289293849658
-5.9347826087
1.36764705882
-0.169491525424
0.128455408204
-0.103095015163
-0.255244373325
1