18.35
12.74
6.53
11.27
9.1
4.01
6.12
34.78
9.21
7.34
9.87
1.47
1.06
35.57
0.0415751227531
0.113851849244
0.17394434473
0.314495464839
0.143458090621
0.00150730492361
-0.278514817367
0.0977826530113
0.195897380614
-0.0802540470756
0.242538047664
0.0977826530113
0.0514338933015
0.135713694733
0.135713694733
0.129422725655
0.147703945212
0.132872557723
0.206715336304
-0.602038435432
1.03556444425
1.21781831619
5.73726133302
1.32689787481
0.159369822351
0.0119902504787
0.00284113701055
-0.0382306499962
1