15.48
10.9
2.5
14.28
10.46
2.3
0.25
1.45
0.63
0.48
9.03
1.4
0.57
16.13
-0.0121343805769
0.00157047992383
-0.278455350127
-0.503682946522
-0.438170982224
5.15111822051
-0.552132701422
-0.232883637113
-0.105287774944
0.201544748907
-0.373710929093
-0.232883637113
0.161679974262
0.334617423275
0.334617423275
0.34180979627
-0.0212273311225
0.0685277339483
-0.164834738028
5.32188449848
-0.539312090283
-0.552145151341
-0.555036807018
-0.37176862738
-0.0568893872436
-0.355844754397
0.266089689327
0.613072773402
1