8.64
6.38
2.84
5.76
5.23
1.9
11.18
91.22
33.03
21.25
8.99
0.38
0.67
32.89
0.0356176735798
0.0233884189603
0.0122629169392
0.0523175768701
0.051847051199
-0.0497076023392
-0.425925925926
0.0339978680456
0.0253000102568
-0.0153271848924
0.220712312402
0.0339978680456
0.395904905868
0.0277100421193
0.0277100421193
-0.0486435921422
0.0357055395014
0.0335797119918
0.0427694262122
0.455112219451
-0.169285027252
-0.18130577736
-0.177534507377
-0.176850655344
-0.0476427416345
0.00799549738213
-0.00586966987258
0.0154471251801
1