-0.03
1.74
-0.02
-6.58
-2.76
-3.71
-0.01
24.82
5.49
1.15
2.79
3.66
2.2
56.31
-0.031844112245
0.0380963549811
0.409622571716
0.161125852656
-0.0507563844417
0.904734664384
5.9707689901
0.220561791432
0.412775544557
0.00711326244653
0.0865608443857
0.220561791432
0.587122730738
-0.0706025866039
-0.0706025866039
-0.0750866276055
-0.0567521121869
0.0654135338346
-0.718484650555
0.39724995291
-1.00439231586
-1.10058583348
-2.96675574075
-0.812308042316
-0.239138036542
0.013850474417
-0.136016120439
-0.48022515832
1