15.64
15.19
12.69
10.52
10.24
8.54
14.97
55.97
19.67
13.61
13.83
3.68
28.93
81.15
0.475867127242
0.283216744698
-0.109588973226
0.0580924949027
0.309478177542
-0.304940769951
-0.417376661563
0.0632298301486
0.0303138968577
0.543360433604
0.190936025458
0.0632316865566
-0.18621815299
0.148647596679
0.148647596679
0.164248561424
0.136663061646
0.10905034731
0.232132526952
-0.541233405271
0.0686518469365
0.0584617890814
0.0584617890814
0.0913522651326
0.205851979346
-0.011984535033
0.0395972493686
0.258236569905
1