9.02
5.25
2.92
7.56
4.73
2.45
12.23
75.93
30.48
19.85
9.41
0.67
0.56
32.38
0.109242275662
0.0541219895496
-0.00158601011597
0.106296871387
0.0219609115238
-0.0568249442961
0.108209892041
0.101151340101
0.0787880544845
0.122695078617
0.0542291142107
0.101151340101
0.191293459045
0.0921316270068
0.0921577654127
-0.201555180943
0.23625129257
0.230175044309
0.253744788858
0.294956140351
0.229352900538
0.20099507353
0.195229478133
0.0813813635653
0.147376053302
0.144093527157
-0.138017278897
0.0937437755286
1