-63.64
-26.06
-20.77
-65.34
-26.85
-21.32
-20.66
30.5
5.55
-17.17
14.99
1.46
0.88
32.63
-0.206796312099
-0.0128315721372
0.103104298648
0.140347604917
-0.106972647811
0.588490454432
2.18414747256
-0.0949257092056
-0.35382389516
0.0348526267406
0.255865458205
-0.0949257092056
-0.126081452227
-0.0207206229588
-0.0207206229588
-0.00185616806758
-0.0611456619063
0.866764428343
-3.46921082949
0.592641061538
-5.34102830215
-7.50483091787
-7.50483091787
-0.747862960974
-0.425534267784
-0.0404250389475
-0.887485051301
-0.123824921607
1