9.24
6.67
3.83
-5.31
-1.98
-2.2
1.93
87.02
5.0
1.95
4.77
1.61
1.47
41.46
0.0422674172443
0.239660395842
0.0203322166837
-0.555145054812
0.0169033912195
0.106128197128
0.0637177250103
0.0314588317105
-0.13404675475
0.420588996279
0.0377991360762
0.0314588317105
-0.00710311812654
0.00935955593205
0.00935955593205
-0.20244284717
0.0509848396648
0.0679542274924
-0.378873423864
-2.64448336252
-0.388794306661
-0.453881313227
-1.58126564267
-0.589669131039
-0.161193690123
0.0416252837328
-0.0585946715603
-0.0109726607517
1