12.68
10.0
7.09
9.44
7.61
5.28
3.65
33.77
5.66
3.54
10.48
2.9
2.82
55.91
-0.10286108615
-0.0547257923973
0.228003335442
-0.0549158926508
0.11594232304
1.1691550616
5.24435613914
0.10665559616
0.124150250583
-0.00192746765494
0.168843431618
0.10665559616
0.261625599769
-0.0386916165175
-0.0386916165175
-0.0972566560909
0.101477500007
-0.211225810735
-1.46143381702
-1.25077512311
-1.44938946183
-1.25617377239
-1.26139243085
-2.29969286771
-6.73796837401
0.140169116524
0.172534194217
-0.266694951959
-1