15.9
10.5
7.07
11.82
8.23
5.26
5.67
21.0
10.89
6.72
9.65
2.09
1.26
44.5
-0.0509568438184
-0.0698494072413
0.00401935854319
0.013094417643
0.0515765295469
-0.0836339783536
-0.0335378323108
-0.0286237920693
-0.139388310224
0.0630472854641
0.120458891013
-0.0286237920693
-0.0834650193938
0.0824327944985
0.0824327944985
0.10454877533
0.00659282700422
0.12383632821
-0.176053962901
-0.0707317073171
-0.192954990215
-0.148148148148
-0.131936579841
0.0139581256231
-0.0586977186312
-0.0758399674943
-0.041403533711
0.0784134359553
1