31.84
23.72
14.19
20.9
15.9
9.31
6.97
28.51
8.71
7.39
8.35
1.56
2.51
44.55
0.0605930995153
0.102706453851
0.0513550667714
0.0644844517185
-0.0210903302825
0.205420827389
0.200277200277
0.0551226886847
0.00509696668324
0.217934165721
0.0508370450008
0.0551226886847
0.0522733460387
-0.00240501540291
-0.00240501540291
-0.0229174379859
0.0530212084834
-0.0449479485609
0.489896231567
-1.42076502732
0.171597633136
-0.00659472422062
0.0180722891566
0.0351878269139
0.41380826737
0.0554262238863
0.042542933158
-0.0537600821743
-1