31.2
26.46
18.75
20.11
17.51
12.09
12.86
28.02
15.06
13.1
20.43
2.49
4.21
60.11
0.279452973698
0.299805834011
0.386278358637
0.299520669603
0.882345426673
0.0665035406978
0.0441651410117
0.345513098408
0.389092946082
-0.0811728699773
0.651527744795
0.345513098408
0.251224230699
0.685560408292
0.685560408292
0.668683664755
0.73051526023
0.333251838339
1.61959678438
-4.01604278075
1.53225873286
1.52272727273
1.52272727273
1.13431200701
1.31076585161
0.0449548519377
0.352308569953
0.299282049655
-1