-5.97
-4.72
-4.21
-3.0
-2.26
-2.11
-3.25
25.81
7.83
-3.14
3.77
2.71
4.85
70.47
-0.0584767775191
-0.0507118100846
-0.128616632417
0.0965815873699
-0.307676779911
-0.1072319202
-0.130822092135
-0.0883078612753
-0.0792893440397
0.0814302410057
-0.238961094853
-0.0883078612753
-0.0478694926464
-0.0473673878293
-0.0473673878293
-0.0277130021776
-0.0996884735202
0.220982050468
-1.63364572334
-0.0914285714286
-1.67011214701
-1.70472072914
-1.54672230153
0.175011313613
-0.211287559304
-0.052321085691
-0.268349438298
0.0812492445881
-1