32.37
26.33
15.22
24.94
20.75
11.73
11.86
25.56
15.39
13.06
10.57
1.47
3.02
47.01
0.20338038633
0.175482577087
0.378839590444
0.200243704305
0.461079943899
0.555464256368
1.0976717774
0.293714800631
0.742930923176
-0.123037676609
0.148813341886
0.293714800631
1.41678726483
0.389769126301
0.389769126301
0.390548146646
0.387505525269
0.188338493292
0.652696667812
-0.228621291449
0.86869118905
0.979874213836
1.02587244284
0.784297171802
0.567440574903
-0.0022636010326
0.201430633009
0.0109295358578
-1