23.89
15.48
8.68
21.66
14.32
7.87
8.21
43.81
15.37
12.59
12.38
1.15
1.09
36.34
0.133174872666
0.0414818101154
0.123969007748
0.179360465116
0.0265366910371
0.318757192175
0.617161716172
0.129933559203
0.166770846356
0.103902817265
0.116595135908
0.129933559203
0.174901185771
0.0479938271605
0.0479938271605
0.0240874932904
0.0803376906318
0.135493372607
-0.035804905554
1.01694915254
-0.245857287792
-0.204522613065
-0.059097254537
-0.00785994998214
-0.0052418394091
0.0323438634713
-0.0874995454463
-0.0759751805876
1