-78.0
-16.37
-16.6
-84.77
-18.16
-18.04
-47.62
50.92
25.06
-39.43
7.55
1.61
0.36
21.28
-0.182333224119
-0.197811121309
0.386287855532
0.52851297788
-0.29193030803
0.882480696682
1.58239736431
-0.0611900333914
-0.139843959835
-0.00392206051141
-0.126073935357
-0.0611900333914
40.1988336573
-0.5939931859
-0.5939931859
-0.719506928647
-0.286178757102
-0.184048761671
0.000903595142739
-0.0406696632843
-0.00649767597872
-0.0298724419739
-0.0571679638463
-0.53176117085
-0.413180867142
0.307814428797
-0.409944424229
-0.980281041432
1