12.79
9.85
4.7
10.14
8.35
3.72
3.17
18.38
4.7
3.07
5.27
1.68
1.31
36.72
-0.00907730673317
0.00753904146473
0.242763043855
0.135079397814
0.276463262765
0.387434554974
0.429588205389
0.125678245142
0.123944017148
0.110094740281
0.140213049268
0.125678245142
0.433962264151
0.0719617796357
0.0719617796357
0.0760530277992
0.0541620067103
0.12758974359
-0.204479768786
-1.23076923077
-0.0617283950617
-0.0385852090032
-0.153558052434
-0.119764011799
-0.16011934361
-0.0177997729254
-0.055627963954
-0.170801264219
-1