19.49
13.19
6.21
28.13
18.62
8.96
14.21
28.59
4.43
2.35
17.18
1.54
1.69
31.86
-0.0258950686782
-0.603550295858
0.133338823917
-0.639472507823
-0.772951397042
2.2798474626
-0.413134784269
0.0906952903576
0.287885561019
-0.376507124589
0.343180105501
0.0906952903576
-0.119484292718
-0.107497741644
-0.107497741644
-0.0909969399259
-0.146203248961
-0.0303880317906
-0.633858267717
6.87394957983
0.791068580542
0.687898089172
1.03899371069
0.825153374233
-0.493487698987
-0.038705507317
-0.0771097098535
-0.240836565561
-1