27.1
13.53
10.52
16.76
9.11
6.51
18.13
48.33
27.27
20.18
6.84
1.33
0.74
38.83
0.088905410893
0.0957804756454
-0.0986396890305
0.164405481819
0.0755134006265
-0.301628473636
-0.453239427592
0.0621783391266
-0.0162687509317
0.183111437552
-0.14743505119
0.0621783391266
0.0881158965782
0.175170109719
0.175170109719
0.232002284129
0.119940756152
0.0578392809831
0.219847262786
-0.220949055705
0.303132346591
0.323451097062
-0.203662710584
-0.137103596992
0.15196870797
-0.0552293535676
0.117330828736
0.27380979875
-1