18.2
13.63
8.94
-2.02
-0.62
-0.99
3.65
31.94
6.98
3.76
3.47
1.57
2.39
49.13
0.00387938981003
0.183792571801
0.0822295240666
0.0163022218745
0.343609458871
0.113985023275
0.0865925904094
0.0397127282093
-0.00348008089735
0.194311669164
0.0217601347155
0.0397127282093
0.207463838546
0.0360789121615
0.0360789121615
0.0769237899755
-0.0413829821966
0.064988569929
-0.452094931146
-0.278412507517
-0.455694151952
-0.448797421274
-1.10519818064
-0.567442817285
-0.265497405721
-0.0774618943582
-0.0289096577674
-0.0461506119051
-1