23.73
10.41
6.72
16.19
7.47
4.58
6.52
17.87
8.35
7.13
10.09
1.11
0.64
28.3
0.0863150422063
0.0669648519079
0.147355482184
0.127658242446
0.668401455971
-0.00706064925672
-0.973940197867
0.104308432032
0.0518423257931
0.060373296459
0.251647913175
0.104308432032
-0.341529918367
0.0180693241169
0.0180693241169
-0.0345679991128
0.358359416167
-0.0521353781987
2.91356355315
-0.0368563685637
4.4705863658
4.34820050774
3.31161441891
1.60072954664
1.81119416312
0.34029009205
0.0702047023156
-0.129286158067
-1