24.1
12.32
6.67
16.06
9.26
4.45
7.82
40.22
15.51
12.31
7.52
1.24
0.62
27.69
-0.0356696296633
-0.0833993974948
-0.0884367950539
-0.245477469576
-0.077581760033
0.170569867291
0.0105301379811
-0.0542657342657
0.121500630517
-0.029168348809
-0.212434537398
-0.0542657342657
1.64621164684
-0.135233168793
-0.135233168793
-0.193058461538
-0.0321278089888
-0.218601562899
1.10702028081
-0.222502363694
132.9375
-6.99161425577
-6.52611218569
0.0768871231596
0.0628671416073
0.103105359804
0.083368394106
-0.0467963737392
1