8.18
4.94
2.06
4.49
3.83
1.13
5.97
50.1
20.97
11.82
7.9
0.71
0.43
25.19
0.025653212367
0.0288101494893
-0.348013487758
-0.184434173252
-0.292687193842
-0.456344732557
-0.203883495146
-0.0379638781562
0.0264972085941
0.0511194029851
-0.312824540734
-0.0379638781562
-0.210503879274
-0.251109359162
-0.251109359162
-0.411002431967
0.0264041655113
0.0881460265892
-0.132943512798
0.111778158948
-0.286740927057
-0.376146788991
1.75569620253
0.263616891065
-0.0586765698852
0.277513524673
-0.339255385751
0.0969041285963
1