17.62
7.67
4.67
10.48
5.36
2.78
15.42
46.41
28.12
19.9
9.4
0.7
0.48
26.49
0.103975003585
0.110188164542
0.00618459335537
-0.00706547920501
-0.125065600904
0.0687769201862
-0.590014231499
0.0905965692641
0.0499859870778
0.080779576081
0.192557231977
0.0905965692641
1.14343892809
-0.21782719848
-0.21782719848
-0.33237185133
-0.024585618501
-0.0373789367056
-0.00699992439326
-0.0391896649785
0.00275877924019
-0.0326801735843
-0.0326801735843
-0.00105121215636
0.00541235949984
0.193241579979
-0.180448261775
-0.224011791835
-1