9.72
6.12
2.68
6.67
5.2
1.84
8.62
67.55
23.04
15.65
9.28
0.79
0.43
27.59
0.231267994598
0.166398421452
-0.120835540407
0.057778572219
-0.0556567263485
-0.276547959745
-0.579069227195
0.19896140944
0.0449216188482
0.260373972291
0.349896172211
0.19896140944
-2.38558360825
-0.0202298831423
-0.0202298831423
-0.0361791369475
-0.0123795363455
-0.0479507178232
0.127331424768
0.209721191769
0.068074425136
0.0587546567323
0.0587546567323
0.0847174506211
0.120555005557
0.00785034679681
0.027720834681
0.100605657264
-1