17.85
8.15
5.19
12.2
6.24
3.55
8.32
30.78
16.71
11.35
6.86
0.84
0.51
29.1
0.252934921772
0.233336440757
0.182843526608
0.104395604396
-0.138456937799
0.977926421405
10.2909090909
0.244511054259
0.12844309596
0.453550848777
-0.101264542236
0.244511054259
-0.599442896936
0.0719138403202
0.0719138403202
0.0694196682734
0.0775647089174
0.117863199548
0.0149352075555
0.322269807281
-0.0643824260846
-0.031810766721
-0.0524160524161
0.0220454545455
0.0450007679312
0.00565086859716
-0.0459493592276
-0.110929686288
1