36.52
20.52
14.97
22.37
12.96
9.17
14.59
25.89
18.18
12.76
4.35
1.68
1.15
41.0
0.0451150283836
0.250794281176
-0.0783720610477
0.231490159325
0.0431309904153
-0.207486136784
-0.258869512928
-0.00675753725309
0.0622269097484
-0.067626990144
-0.0205781479667
-0.00675753725309
-0.152303353181
0.381970551378
0.381970551378
0.323883770376
0.580421999308
0.33237492812
0.954861111111
-0.0901408450704
0.708692767087
0.564484126984
-18.1413043478
5.77272727273
0.982694684796
0.19845144793
0.0495956232588
0.460342612426
-1