38.05
11.85
6.05
14.94
6.45
2.38
4.92
11.98
7.17
5.66
7.8
0.8
0.3
15.91
0.201946746211
0.242693596657
0.144377641688
0.0209232173547
-0.265731668535
2.23942300485
25.6976184245
0.186586662091
0.0603572422394
0.101926096661
0.455325684751
0.186586662091
-12.6915253266
0.198852613714
0.198852613714
0.218953715622
0.069288130874
0.0316986600962
0.114611385831
-0.128823857828
0.163788216787
0.205466554244
0.0229174113951
0.0430693301557
0.104918185997
-0.12956448284
0.167153953617
0.0544749720259
-1