31.11
10.41
5.35
13.84
6.39
2.38
6.36
18.49
10.8
8.13
8.7
0.78
0.3
17.21
0.0503422078975
0.0729495940744
-0.233638540006
-0.321129125018
0.136484628151
-0.547333675886
-0.942361456932
-0.022731798768
0.0569991906789
0.0639159583222
-0.203838842624
-0.022731798768
-0.0805158779752
-0.331220930949
-0.331220930949
-0.380687651852
0.032251681325
0.0970221553056
-0.0400355093759
0.593033707865
-0.135768207436
-0.194531922654
-0.0207047568361
0.0693334004994
0.00722932121542
0.363472612274
-0.428243086254
-0.097582390943
1