18.18
13.32
4.65
10.4
9.48
2.66
1.83
15.92
2.95
2.5
12.37
1.04
0.98
25.59
-0.0141319029585
-0.0142830018382
0.173662137976
0.108091777704
0.190383094768
0.840333194502
0.406386170441
0.0721350092347
0.105138568068
-0.127452944105
0.202795924614
0.0721350092347
-0.245207146511
0.146042644113
0.146042644113
0.157117678034
0.0908920205238
0.0608598967303
0.285790247878
-0.110260552906
0.536416747809
0.554106129575
0.416159872353
0.208599896764
0.207264407491
-0.0551506235892
0.0851827473827
-0.0276194938627
1