0.05
1.32
0.02
-0.13
1.23
-0.06
0.05
40.69
11.07
1.77
20.18
1.33
1.13
47.98
0.319197192506
0.360188388974
-0.023866290554
0.0417445482866
-0.259133818549
0.000145444825309
0.0135117936535
0.262231633704
0.515094668312
0.0897623128021
0.112273251547
0.262231633704
-0.289309590497
0.0113597963707
0.0109470388142
0.0318730513426
-0.0171222825517
0.266043195935
-0.833808321798
-3.24313225715
-0.995375557877
-0.999304039733
-1.01828681424
-0.422141227571
-0.389929777379
-0.0280693213659
-0.25509615712
0.0348133293682
-1