73.91
36.92
19.8
49.39
25.0
13.23
9.65
29.24
13.57
9.45
7.0
1.43
0.95
26.79
-0.115053197024
-0.0984107551116
0.107950190707
-0.193408363021
-0.0830949917848
0.807468500921
4.1697570686
0.0166478510227
0.492705817102
0.0322522074844
-0.152554263116
0.0166478510227
2.8274839475
-0.196261370437
-0.196261370437
-0.228593168917
-0.105521472393
-0.115105674622
-0.0847494337661
-0.78827256271
-0.146208672668
-0.139511904255
-0.139511904255
-0.0975276147504
-0.0668142253608
0.0907398980447
-0.0811556958158
-0.304211561145
1