21.57
11.78
6.66
31.51
15.92
9.72
4.25
18.46
7.16
5.06
6.62
2.16
0.72
30.86
0.0512048192771
-0.045871559633
0.306343906511
0.150244964616
0.073250728863
0.66168009206
0.697799730579
0.180720338983
0.442549622589
0.0564019923821
0.157306361459
0.180720338983
0.469542407461
0.272334643568
0.272334643568
0.27857185575
0.245496654658
0.225671433554
0.30127576055
1.44827586207
0.194206008584
0.523898781631
0.523898781631
0.233994334278
0.0937682003494
-0.02683798891
0.0466632100135
-0.0340092629431
1