33.77
14.25
9.56
29.34
12.66
8.31
6.94
18.17
4.84
2.83
11.29
1.9
0.56
28.31
0.68904352572
0.0619658119658
-0.105218317359
0.151443445338
0.0899830220713
-0.363111726685
-0.492462311558
0.24295711466
0.14011627907
0.452225766191
0.0179392824287
0.24295711466
-0.21142403808
0.0921469163584
0.0921469163584
0.096075588194
0.0747933884298
0.249857712009
-0.389140271493
-6.52582159624
0.785265049416
0.0615006150062
0.0615006150062
0.0564738292011
-0.262513312034
-0.0173535279286
-0.157710795651
0.197365233717
-1