28.24
15.46
10.96
10.23
7.23
3.97
14.0
43.92
19.82
16.28
10.24
1.07
0.84
38.81
0.608633018854
0.212187831043
0.153934701239
0.212183697368
0.138883078044
0.174878712578
0.119981288426
0.512977167463
0.101044624501
1.65056009591
0.119411401809
0.512977167463
1.14356879546
0.0695919175058
0.0695919175058
0.0708343847421
0.0680098654686
0.137642842238
-0.0325695852322
0.607780262436
-0.0913224288257
-0.0724861433421
-0.42031577996
-0.261204334951
0.00411780347554
-0.00158205203723
-0.0680509247325
-0.084342783733
1