20.44
13.74
9.91
19.9
13.45
9.65
15.44
31.97
30.53
18.05
7.88
2.08
1.15
48.5
-0.0570908077266
-0.111862296601
-0.0415355007403
0.115901382729
0.01023055908
-0.122381880175
0.738376309188
-0.0541351217907
0.119895076269
-0.137686458272
-0.310690039518
-0.0541351217907
0.499600710572
0.0154199683861
0.0154199683861
0.0159920362366
0.0142048431341
-0.17612278337
0.234240496797
-0.335151043019
0.442387710222
0.26498316288
0.131420449838
0.0710379451409
0.129639844054
-0.00121512525191
0.191542751756
0.0569554691264
-1