1.1
5.34
0.26
-0.28
4.92
-0.07
0.1
28.5
3.63
2.08
9.64
1.86
0.43
23.45
0.00840173127765
0.0151902538232
0.0236327358594
-0.00244767042081
0.0550614313606
0.288469804142
0.395454007651
0.0146891171061
0.0348025820809
0.185331577585
-0.258196614231
0.0146891171061
0.838280592538
0.0137702263072
0.0137702263072
0.0162078771026
0.00770631784355
0.017537220116
-0.102580400082
-0.0329590442243
-0.618712399733
-0.976597325409
-1.00383294796
-0.821046822452
-0.0318211493252
-0.00606390846363
-0.00376699380884
-0.00986250955222
-1