20.52
9.22
4.36
12.57
7.07
2.67
4.63
23.66
12.72
8.16
8.78
1.09
0.37
21.26
0.763818710764
0.59176119403
0.434175935288
0.261140819964
0.319601040763
2.08607594937
3.84403669725
0.673293719109
0.0874363327674
0.989963082603
0.877935633517
0.673293719109
-0.588903743316
0.225883064168
0.225883064168
0.225999886859
0.225506294472
0.217090707965
0.2418230563
0.684033613445
0.0346456692913
0.0660954712362
-0.0146878824969
0.140608034745
0.249826989619
-0.000376769696078
0.00879235620329
-0.20829287112
1