2.99
3.41
0.9
3.85
3.75
1.16
0.93
43.4
12.54
10.23
8.39
2.11
0.64
30.2
0.122917919337
0.0516061830229
0.136109623378
0.0876966550088
0.0980599495606
0.263642006949
0.454262464155
0.12913254103
0.0457147588948
0.288888695867
-0.0212537872655
0.12913254103
0.328989424657
0.0913592574977
0.0913592574977
0.0860788770251
0.0983235264702
0.0985475896168
0.0975975356924
9.57353354353
-0.889420716341
-0.786700209805
-0.789897690228
-0.55497575136
0.0907849633824
0.00696426897251
-0.00718833211913
-0.0447503658805
1