15.81
9.19
5.3
10.31
6.73
3.46
5.37
42.7
10.15
6.71
7.74
1.83
0.81
33.54
-0.0619253866453
-0.0554889184905
-0.129519191693
-0.146958200059
-0.218518160494
0.0356655829265
0.0957228293067
-0.0939656448258
0.00626014028345
-0.204173756774
0.00330946251068
-0.0939656448258
-0.249420337154
-0.0756420991215
-0.0756420991215
-0.0642363131395
-0.0905174294522
0.00290154600196
-0.393467826106
-0.866572975654
4.31855206281
1.69235617178
1.69530643024
0.825027927724
-0.252164322167
-0.0148753303307
-0.0785436451234
0.0538770925712
1