15.37
10.29
5.43
11.69
8.33
4.13
4.08
28.32
12.26
6.67
8.72
1.38
1.14
35.35
0.0650363674732
0.118889673331
0.182179532232
0.139724995291
0.177683554396
0.394022411202
1.05100746794
0.116281055894
0.052713238343
0.269308727595
0.0648056074903
0.116281055894
0.660578914511
0.123575412064
0.123575412064
0.131528262361
0.10393258427
0.0296567044945
0.440969808323
0.460625709191
0.42877260748
0.551071408054
0.551071408054
0.21428284629
0.252664963439
-0.0196428277948
0.09391870757
-0.0586041201678
-1