-31.43
-16.35
-14.33
-29.88
-15.45
-13.63
-12.77
37.46
6.79
-8.48
12.31
1.57
1.4
45.6
-0.217487704043
-0.243348079343
-0.0859763851045
0.0783033512921
-0.26495605706
0.468917524057
0.718989280245
-0.176890279577
-0.332308183357
-0.0208061352125
0.095069100836
-0.176890279577
-0.292056710041
-0.0922560060543
-0.0922560060543
-0.0653204783132
-0.133924686662
0.478231992395
-1.69627573829
1.37961197712
-2.23138754487
-2.96110856919
-2.96110856919
-0.709678633251
-0.594562576309
-0.041668680608
-0.570487998449
-0.00627962094982
1