23.93
16.54
13.48
19.21
13.35
10.81
14.22
35.22
22.0
16.6
6.49
2.32
2.08
56.31
-0.0360863095238
-0.02722323049
0.0453964194373
0.0
0.211428571429
-0.0046511627907
-0.123711340206
-0.00611476952023
-0.0921404044258
0.637992831541
-0.245848955544
-0.00611476952023
0.476605868358
0.101333699986
0.101333699986
0.0574689219482
0.192307692308
0.305604203152
0.0866013071895
0.469230769231
0.0411334552102
0.19225251076
0.430359937402
0.278252611586
0.0757020757021
0.0909739923214
-0.204270503166
0.0559372805489
-1