6.7
4.64
1.73
5.01
4.09
1.3
3.57
32.19
13.92
9.84
9.84
1.34
0.5
25.87
1.40572721319
0.338395022672
0.642254901961
0.568172650262
0.88523884665
0.485656947232
0.0414446417999
1.11727228951
0.229934292606
2.85773382458
0.731159770671
1.11727228951
0.424953570826
0.236253090132
0.335024892374
0.216594479281
0.279810928883
0.463316820005
-0.00382862351869
0.698683568991
-0.423412929528
-0.458772958187
-0.417223751475
-0.0711982138427
0.107987953535
-0.0552139634901
-0.128291927631
-0.307230009587
-1