18.88
19.14
14.29
12.08
12.51
9.14
8.49
44.3
9.37
8.1
2.71
3.83
38.07
75.69
0.13445602017
0.122710936163
0.121516327293
0.0165972211851
-0.0581411049848
0.330760941219
0.378851169014
0.123361549305
0.395415587626
-0.845868639109
0.0203741423375
0.123361549305
0.16216306149
0.156643448308
0.156643448308
0.167165426406
0.143680874584
0.180602890713
0.00342976969008
50.6826923077
0.0502183793765
0.0660900921205
0.0660900921205
0.0643564920923
0.0103521110415
-0.0129625737238
-0.023959442405
0.0351271210152
-1