18.37
14.93
5.29
9.37
10.36
2.7
2.19
15.39
3.96
3.63
8.33
1.11
1.04
28.79
0.126387242398
0.299431877434
-0.0205011121223
0.101849424991
-0.0998836332348
-0.406138572625
0.300724637681
0.0505574180962
0.0455213312091
0.155102878625
-0.00389468971351
0.0505574180962
-0.151538533612
0.251379354385
0.251379354385
0.256631440353
0.223263876321
0.181622766373
0.380826635498
0.25799729544
0.474988316268
0.524761327911
0.176829268293
0.104391947293
0.324536382642
-0.0281154780641
0.0697565880116
0.271880466507
-1