10.66
7.29
3.73
9.8
6.86
3.43
5.46
32.05
11.11
8.56
9.51
1.62
0.97
35.0
-0.0649103270426
-0.0946366465312
0.211796246649
-0.185767924191
-0.0714080597301
0.943127293254
-0.12908777969
0.046864628821
0.12128501176
-0.0140363669507
0.0434965961805
0.046864628821
0.639803891528
-0.018275011377
-0.018275011377
-0.0230102774562
-0.00808035040024
0.0692068429238
-0.172169811321
0.0103092783505
-0.249412554549
-0.206066012489
5.4858044164
1.76203208556
-0.0975222993062
0.0101946609767
-0.0874818543008
-0.230071258026
-1