26.14
17.12
11.64
17.76
12.09
7.91
5.69
16.42
8.98
6.43
5.65
2.06
1.5
44.52
0.0984632629919
0.0859708415233
0.121348398648
0.15145206728
0.308860950087
-0.183641472707
-0.243700426267
0.110529422711
0.147986643433
0.0404505428909
0.134218755319
0.110529422711
0.109437936264
0.287865045747
0.287865045747
0.333953357875
0.0952596361583
0.0935926664767
0.0978618497271
1.11311935182
0.0336522827383
0.106889664741
0.101762523191
0.126914910836
0.116743564837
-0.192605409589
0.194272379271
0.166516647099
1