17.17
14.13
10.99
10.61
9.01
6.79
11.1
46.14
17.08
12.05
8.66
2.23
3.56
64.03
-0.00577362768267
-0.0314716488683
0.053018041993
0.17619225834
0.0380368757283
-0.0431053172336
-0.280976736512
0.0169877701176
0.0594737194986
-0.0817200305701
-0.017685359649
0.0169869290556
0.118488548213
0.0319938635766
0.0319938635766
0.0422610784017
0.0202627341488
0.00416697414705
0.0687302786543
-0.577692650997
0.229490001665
0.288358275347
0.168817311386
0.115723911
0.0633405594805
-0.0117311294278
0.0278268894296
-0.0210241784164
-1