21.89
9.85
3.85
13.61
7.9
2.39
1.56
24.95
5.49
2.96
4.79
0.89
0.31
17.57
-0.0573375805615
-0.0666843783209
-0.0959805115713
-0.135474344777
-0.0686498855835
0.0632183908046
-0.120833333333
-0.0663485571461
0.118558698179
-0.11079518529
-0.0682021466905
-0.0663485571461
0.242506811989
-0.0890180414684
-0.0890180414684
-0.087043806556
-0.0949061662198
-0.331160560426
-1.55679184052
-0.0852090032154
-1.22741993523
-1.13765323993
-1.13765323993
-0.186712485682
-0.088379705401
-0.00588812475139
0.242142518957
0.0069624701028
-1