8.37
6.16
3.85
5.06
4.17
2.33
2.51
44.08
5.91
2.65
8.37
2.34
1.5
45.97
0.458725397252
0.0743544862301
0.0402743390771
0.043747169163
-0.0489171672463
0.260736991052
-0.115042910673
0.195079435705
-0.168469799668
3.23287629679
0.108468755495
0.195079435705
-0.00549111078715
0.0559861370815
0.0559861370815
0.0673146256051
0.0419541295226
0.201455387414
-0.661427659768
-1.34670387164
-0.695470612698
-0.73351393383
-0.73351393383
-0.417812738765
-0.428492682523
-0.0140320075589
-0.145469250333
0.0157117980044
-1