14.25
12.99
9.8
24.57
21.56
16.9
15.0
54.28
23.98
16.67
5.84
2.94
4.86
68.77
0.717987114529
0.0047553524759
-0.0652131787887
0.369921517276
-0.233627248809
-0.0903760966352
-0.169261698715
0.208955702058
0.341183473714
-0.0448988020206
0.0274398961793
0.208955702058
-0.106666879891
-0.0875394754821
-0.0875394754821
0.0139869907948
-0.158499927862
0.0524424724698
-0.420531355728
0.610547667343
-0.459006880335
-0.094115756982
-0.0388415363027
-0.00854002207653
-0.321080029248
-0.0709604523803
-0.139981947952
-0.0223262966934
-1