13.5
8.83
6.04
11.15
7.51
4.99
5.84
25.22
11.29
7.04
7.5
2.26
1.29
44.77
0.102599533353
0.0752529254308
0.0706393942757
0.142182692611
0.0913439947743
-0.231869254341
-0.70175716321
0.0874388612581
0.328204555
-0.119571480821
0.0881599907598
0.0874388612581
0.0571453723266
-0.0887324779098
-0.0887324779098
-0.101417432395
-0.0489187691294
-0.073413097826
0.0207817975263
-0.0674323187585
0.0409937301856
0.194259772499
-0.0178135686905
-0.0530933317372
-0.0240395618144
0.0398137087805
-0.0153193800838
-0.159371872186
1