-5.97
-1.51
-2.35
-8.49
-2.66
-3.34
-3.0
24.96
10.01
-0.02
6.53
3.74
0.84
39.37
-0.207059583215
-0.119825547209
-0.00539227377899
-0.329130738546
-0.286005747376
1.05685505309
4.66414010781
-0.116654163127
-0.0381918787693
-0.0994487228324
-0.323072529196
-0.116654357866
0.199933287563
-0.37676023647
-0.37676023647
-0.360819132209
-0.420225290596
-0.104399027053
-1.00161926824
1.55673797669
-1.21436029728
-1.2337386072
-1.50406757977
-0.627626936489
-0.548935327723
-0.0434650541252
-0.272361209418
-0.371367962691
1