21.07
12.79
9.7
14.21
8.99
6.54
10.0
29.85
15.97
11.2
6.59
3.37
1.25
46.05
-0.102398709938
-0.0505542240863
0.186254635352
0.234356376639
0.256322957198
0.121263695352
0.160953011251
0.0433003069705
0.220207910751
-0.18238128011
0.315692079941
0.0433003069705
0.139059442683
0.290891630356
0.290891630356
0.206756785992
0.543799427212
-0.0360570951777
-589.845654994
-0.481055864069
-5.30330043511
-5.08104547451
-3.0423854704
1.57874754431
1.06010139885
0.252907796856
0.326948725534
0.104636995004
1