-3.38
2.54
-1.18
-2.18
3.01
-0.76
-1.04
15.81
7.51
3.51
12.45
5.21
0.65
34.84
0.0284397779205
-0.0251787110795
0.0811606051894
0.0727010241883
0.318323878364
0.02480126473
0.0450209876866
0.060311244421
0.0384725504194
0.0298142113253
0.317972942117
0.060311244421
0.0369271533065
0.211644051188
0.211644051188
0.164532791078
0.544299309779
0.112792833468
-5.3026974416
0.617694478033
-0.712830448097
-0.759545546764
-0.759545546764
2.04362242255
1.44410419126
0.332655258592
0.0988512177191
0.130483445998
1