11.69
9.97
8.04
6.88
6.06
4.74
5.49
19.79
12.0
5.78
5.53
2.13
4.36
68.85
-0.238011605889
-0.119713991594
-0.185543219893
-0.24364032384
-0.058353251463
-0.281166176072
-0.0464981230686
-0.221607234365
-0.14432721115
-0.448245056437
-0.208058787301
-0.221607234365
-0.164486350008
-0.0325899401211
-0.0419301027658
-0.0246782968875
-0.0633764062186
-0.0129054623669
-0.166599526257
-0.061527325371
-0.17149554776
-0.151417119954
0.897567053577
0.29395103878
-0.0430404808833
-0.0214463034528
-0.0290246403989
0.143613117127
-1