37.95
21.71
14.87
28.5
16.79
11.17
13.03
68.71
16.85
14.6
8.23
1.7
1.09
39.18
0.0397504456328
0.0133542812255
0.218714121699
0.0512241054614
0.00497237569061
0.550938873352
1.21263345196
0.108313173521
0.238513407558
0.00693866222592
0.0866449511401
0.108313173521
0.476089716462
0.0812690951821
0.0812690951821
0.0740077588779
0.0846085226103
0.0586884409288
0.192826704545
-0.186516853933
0.264023618726
0.288406624786
0.289232531501
0.0940339786646
0.0766453762844
0.00333942742817
0.0225806542533
-0.137445026517
-1