-45.59
-20.1
-20.88
-37.97
-15.99
-17.39
-19.96
12.18
4.85
-16.16
11.13
2.92
1.17
45.79
-0.177470645793
-0.116711611842
0.046371003368
0.140185143685
0.00807627954867
-0.0528608062087
0.133476795877
-0.0910191540968
-0.20367773591
0.0458782112734
-0.000739513695794
-0.0910191540968
0.0726896149037
-0.0571883059303
-0.0571883059303
-0.0477143924768
-0.120319551797
1.12582146474
-32.5843390401
0.694990082539
10.5221282944
8.48144254872
8.6437078371
-0.242283644303
-0.395139062892
-0.0631312458672
-1.18300977067
-0.103559309298
1