8.02
4.72
0.71
-21.58
-0.12
-1.91
0.52
29.5
8.25
1.52
4.51
1.17
0.2
8.86
0.0697454707125
-0.0010775862069
-0.0117489390217
-0.0289443813848
-0.0905031770565
0.0937952545394
0.154177672737
0.024567225538
-6.71028037383
-0.136334316255
-0.0184811306103
0.024567225538
0.0306388526728
-0.0181859237129
-0.0181859237129
-0.0858204675277
0.192690079393
-0.0830772798423
-1.26285189718
-1.74440052701
-1.11717815863
-0.80875493362
-0.716182274848
1.74499089253
6.55915721232
0.210876003106
0.0648913561294
-0.00643698469125
-1