61.43
23.9
18.69
43.15
17.18
13.13
12.66
16.97
15.07
12.53
1.88
2.06
0.58
30.43
-0.029794809332
-0.00179425837321
0.15587820125
0.0934620447565
0.101588830043
0.578772802653
0.805486284289
0.0291069600819
-0.114988248056
0.18540433925
-0.0749250749251
0.0291069600819
0.510224948875
0.407811296154
0.407811296154
0.34784391444
0.799553571429
0.00189933523267
1.50716090986
-1.39240506329
1.71389891697
1.4202247191
1.40273037543
0.961732851986
1.11518015357
0.391742275275
0.405911960921
0.251933094903
-1