281.42
37.22
13.18
171.76
28.48
8.04
16.73
42.51
25.77
23.94
6.64
1.2
0.09
4.68
-0.0698911623634
-0.0687279541446
-0.101972570054
0.0662942700835
2.05364600064
-0.17171756824
-0.156233274177
-0.0860536694134
-0.666788958077
-0.325425143453
1.70868050157
-0.0860536694134
-0.793481412139
0.0175647696379
0.0175647696379
-0.00454922816294
0.0490871218903
0.0127488732544
0.0791169527212
-34.4142739951
-0.25300348333
-0.180195926995
-0.163294001682
-0.145160480185
0.070754370231
0.0315223522524
0.00481589638355
0.119537339691
-1