38.52
20.71
10.69
27.03
15.65
7.5
4.76
19.75
6.09
5.66
4.97
1.55
0.79
27.76
-0.0145753560321
0.145064781644
-0.0730949557245
-0.0906104407179
-0.0629450784712
-0.0548900316549
0.194212761249
-0.0489620743757
0.240975814987
-0.000769161822059
-0.221310060569
-0.0489620743757
0.419688399121
0.017887708605
0.017887708605
0.0256890542727
-0.012633825267
0.0400015944109
-0.123171090548
-0.283276004133
-0.0846474596006
-0.122223798897
-0.122223798897
-0.14277651532
-0.13593343589
-0.030521533872
-0.0221138858059
0.0909826643294
-1