14.83

9.45
14.7

9.37
12.35
50.68
17.49
13.09
16.65
25.16
23.01

6.71
1.74
7.39
63.75

0.354018691589
0.11618056396
0.427451427594
0.295625204048
0.446637635637
0.499177136435
0.388270180781
0.271469096536
0.0
0.468177002689
-0.0241095226557
0.724689696426
0.0516431924883
0.388270180781
0.134234636105
0.156789585489
1.93946905799
0.416829884344
0.416829884344
0.377968856499
0.456810989643
0.143863121634
5.80767979173
0.0181034482759
9.31834814428
16.1782265145
17.3545966229
2.82796317606
2.12155374484
0.0399811052989
0.272966762711
-0.0106215432496
1