19.89
16.34
13.35
12.69
10.57
8.52
10.07
81.43
37.4
10.3
33.52
0.18
0.9


0.98
4.06
67.14

0.00965988400132
-0.00875963675999
0.577621898549

0.94930394897
13.8705260304
0.0715058340834
0.165080415577
0.5
-0.169824068627
-0.520593640315
0.0346231592492

0.0715058340834

-0.951067194744
-0.586536604274
0.100615411666
0.100736110926
0.0507527353852
0.11265595119
0.0978614198664
0.226762668116
-0.454842931937
0.26407078378
0.316069908708
0.248500371442
0.129712591522
0.135905961773
0.0119198402641
0.00287469105964
-0.476885787623
1