27.61
21.39
17.89
14.75
11.49
9.56
14.63
73.38
21.41
14.3
14.92
1.59
3.17
1.45
146.55
8.88
5.49
9.59


2.38
1.51
3.34
64.8

29.95
6.140289
41.976602


22.23588
4.246
34.315434
-0.161616161616
0.244389750747
0.0609607438722
-0.0598506474429
0.177002758492
-0.0128436274419
-0.167958093777
-0.194914653139
0.1092783995
0.140433278358
0.0
0.361014545562

-0.171816914712

0.1092783995
0.265337483888
0.0419849884952
-0.816117679709
-0.0582751477435
-0.0582751477435
-0.0974387365316
-0.0432103663261
0.0872675348605
-0.360308636428
-0.395442715249
-0.361137818604
-0.382583991649
-0.427671395868
-0.21158818525
-0.225144552505
0.0150647814174
-0.145542682604
0.00157549969943
-1