58.74
44.51
32.66
33.56
25.21
18.66
21.11
66.98
20.87
20.87


15.11


1.93
3.28
55.6

0.176851622959
0.184264880766
0.411906068123
0.716569285694
0.10844809322
0.286532835814
0.36346701699
0.290546304382
0.486744874695
0.0
0.0513229697523

0.145247569965

0.290546304382
0.923867117035
0.885690394582

0.369528703235
0.369528703235
0.591701714515
0.28136579689
0.160964632623
0.662137011521
0.278650824071
0.656466007091
0.642427995711
0.543535327393

0.274271196981
-0.0881629063451
0.208564070612
-0.0423773648882
1