15.83
15.34
9.24
12.1
12.04
7.07
7.62
33.48
12.4
9.89
8.34


1.84
13.68
6.82
98.02
36.93

1.07
1.83
1.3
7.71
58.38

12.97
11.23511
147.423197


70.984326
46.645768
121.579937

-0.0522639068564
-0.0723529411765
0.206117552979
0.104353393086
0.239736638265
0.29020979021
0.319008264463
0.0934927258374
0.0619020821609
0.0
-0.164009111617

0.241911211437

0.0934927258374
0.169811320755
0.165529010239

0.066975224612
0.066975224612
0.196786534047
-0.122212310437
-0.279365904366
0.828616352201
0.126582278481
1.24561403509
1.56554307116
1.56554307116
0.329715061058
0.318264014467
-0.189187535049
0.346341128978
-0.139142328367
-1