11.54
8.19
2.66
-0.2
4.51
-0.05
2.76
33.06
9.43
7.02
2.37
9.25
10.68

1.53
1.65
0.46
23.09
30.02
0.047887872299
0.00184162062615
-0.000364874726344
0.0198126801153
0.267064846416
-0.154
0.0264381487889
0.14140625
0.0
-0.00773594636411
-0.0397350993377
0.00423301753679
3.0
0.0264381487889
-0.0630089181853
-0.00735970561178
-0.263244453484
-0.00660530590146
-0.00660530590146
-0.0293211096183
0.0428055698814
-0.00520508015823
0.270216962525
-0.228035538006
505.0
13.7826086957
-1.125
-0.218018018018
0.156312625251
0.0494108757828
-0.00140022574323
-0.00624043117512
-1