-4.3
4.0
-1.06
-3.15
4.32
-0.78
-1.16
14.61
9.1
2.92
5.33
7.8
4.43

0.72
2.09
0.4
24.59
32.6
-0.0415331751596
-0.0716940486559
-0.213125251105
-0.100709986723
-0.153199362771
-0.174848462851
-0.0969463674204
0.0387659248355
0.0143266475645
-0.118596254532
-0.108911276207
-0.197673609811

-0.0969463674204
-0.240217952622
-0.226789879862
-0.199940401843
-0.280131803672
-0.280131803672
-0.24350283029
-0.43893364049
-0.0166242001212
-0.793668388653
-0.167468351883
-1.12554398839
-1.13263629804
-1.13263629804
-0.59105491745
-0.561539046316
-0.158801836818
-0.263507603551
-0.0670065525673
-1