-29.37
-6.09
-10.02
-25.4
-4.54
-8.66
-12.99
13.55
4.55
-2.66

13.81

0.88
-0.44
12.07
37.8
29.55

1.54
2.03
1.53
0.64
34.1
51.76
155.46
-29.907414
230.254185


101.844551
24.343697
298.616331
0.194693877551
0.366139507717
0.0502119576346
0.147471338827
-0.17112648867
0.176979374584
0.422057900244
0.38826276959
0.301308678369
-2.30592817152
909.067226891
0.0887581610286

-0.762758678853

0.301308678369
-0.259198419712
-1.42153313853

0.309286662043
0.309286662043
0.23356644245
1.15200999105
0.0333396387024
-0.716741452316
-0.0416064323379
-0.355975721905
-0.39696025336
-0.459503825511
-0.691191886964
-3.8063071298
0.842723329003
0.275947023341
0.161815323216
1