-2.56
3.72
-0.76
-6.62
2.31
-1.96
-0.7
14.05
7.98
2.55
3.6
8.07


0.51
1.87
0.53
29.62
42.09
-0.0260756011191
0.126570200621
0.0509619087631
0.304722490953
0.271919163369
-0.241400623982
-0.274653990263
-0.00593558720897
-0.136585496764
0.00502317678997
0.042204772663
0.069698143568
0.141921436189

-0.00593558720897
0.158770033963
-0.0372810042765
0.421405876397
0.388959780638
0.388959780638
0.380861168466
0.44062544483
-0.0146354857901
-2.3337795627
-0.561836491359
-0.924730691463
-0.827939712953
-0.775108939654
-2.24445592414
1.43213576105
0.0516656641923
0.403595266428
0.337997871875
-1