-5.6
-4.43
-3.23
-7.83
-6.51
-4.52
-5.75
64.14
8.38
-4.92
5.26
23.67
11.68

19.79
0.82
13.31
57.72

0.313098818985
0.200454206735
1.48723199229

1.89769090641
2.45723736522
0.537729037148
0.680006009732
-0.999852162254
-0.494457709704
-0.943424657534
0.7171880063
-0.558756432702
0.537729037148
1.07544213898
-0.275071139088

0.206688125894
0.206688125894
0.244382513549
0.186587994012
0.148501040054
-0.190056056544
-0.423753362301
-0.234614170743
-0.4379950132
-0.510418733876
-2.16886369628
0.431212643096
-0.0201001318823
0.0581870858397
-1.2805438664
-1