-12.29
-7.72
-6.49
-26.86
-19.39
-14.19
-9.07
65.22
7.06
-7.34




21.86
0.56
4.0
52.83

-0.0107466931445
0.0538104853788
0.193387637758

0.237424693329
0.158774532177
0.191804707934
0.0227223329344
-0.0741839230027
0.0771714509287
-0.107536382536
-0.258299677411
0.310181071422
0.264863776674
0.0227223329344

0.499250180991

0.151166812141
0.151166812141
0.0861032926775
0.189153059628
0.0970609706638
-0.350235961106
0.256303613205
-0.284359119142
-0.279642885443
-0.128926814703
-0.448009895947
3.31613467425
0.0379862474867
0.054105841477
-0.0422208256168
1