
-35.86
-30.55

-50.27
-40.78
-40.36
56.47
5.53
-33.02

15.83

1.07
-4.91
8.85
19.84
39.11

31.82
1.07
0.77
0.02
1.66
1.68


395.102041


8.639456
23.469388
521.904762
-0.104750304507
-0.242450264777
-0.089058524173
-0.478632478632
-0.19012345679
-0.5
-0.549309347896
-0.419798835363
-0.335757575758
-0.957525083612
0.0
-0.103791069924
-0.10753329358
-0.152
0.201680672269
-0.335757575758
-0.21768707483
-0.921052631579
-0.326152333356
-0.00853533629225
-0.00853533629225
-0.0766983199416
0.0512820512821
-0.0619021837213
-0.207765386204
0.183333333333
-0.157137720245
-0.141025641026
-0.0780789628757
-0.0955284552846
-30.1818181818
0.0598173875743
0.0533668474291
0.47009714234
1