62.96
12.32
4.49
46.91
10.8
3.35
7.55
59.6
9.35
-9.55
24.52
16.92
13.72

31.85
1.93
0.1
7.14
7.69
-0.0925750991876
-0.113361266294
0.796973518285
-0.135670731707
1.11190306486
1.44160583942
0.183263816475
4.10236220472
0.166666666667
0.169392742997
-0.0530066815145
-0.00718778077269
0.0769230769231
0.183263816475
0.927536231884
12.4967320261
0.681681589791
-0.0697314049587
-0.0697314049587
-0.136471518987
-0.0182926829268
-0.281262023855
-0.730969760167
-3.16901408451
-1.17406143345
-1.12271973466
-1.09715564078
-2.48876404494
0.573208722741
0.0514387220318
0.211530618897
-0.866704923244
1