16.32

6.51
11.33

4.52
5.21
7.78
6.09
4.89
4.82
7.87
17.76
1.93


119.35
32.4


1.59
1.59
1.61
39.86
66.29
62.92
7.09183
136.087131


43.451393

109.000187
0.113425925926
0.457717860076
0.13087595866
0.330527176134

0.252301987525
0.612021778494
1.10765294366
0.38339673462
0.20829638126
-0.617890668139
1.58358163298
5.43682706788
0.189833363203
-0.0937559189343
0.38339673462

0.66349293702
0.09088131163
0.0696672012995
0.0696672012995
0.0620103815086
0.169645318386
0.107308886563
0.209977715477
0.569261359452
0.227534114463
0.241604691218
0.24901744594
0.153412454234
0.14430897809
0.099978117087
-0.0376416852634
-0.260859974835
1