70.08

37.82
42.08

22.71
13.2
37.12
15.6
13.17
10.35
4.02
6.98


2.25
2.79
53.97

0.150582616502
0.164466330887
0.383558083088
-0.074204325655
0.805147133247
1.0417772298
0.279577337412
0.799813459316
0.510567296997
0.0662393519991

-0.111202865437

0.279577337412

1.50222222222
-0.354525396401
0.185210351735
0.185210351735
0.184481539058
0.186446854781
0.165545823807
0.226452559359
-0.92213740458
0.190456596317
0.156543882598
0.156543882598
0.115552990124
0.184665957653
0.00123650304595
0.0196645279289
-0.198347731352
1