37.19
10.2
4.88
0.98
4.37
0.13
13.06
31.47
29.42
20.84
8.92
5.64
3.24
0.46
2.27
21.84
53.65
42.72


1.09
1.0
0.19
13.11
15.09
561.55








0.162626750362
0.0670963336037
-0.0229726868516
0.403985507246
0.104686815594
-0.102707608531
-0.280933301909
0.119350299919
-0.081415108914
0.0
0.192084087321
0.24062816616
0.0462492250465
-0.18958611482
0.119350299919
0.521841794569
-0.427226647357
0.162057085899
0.0958363012368
0.0958363012368
0.110387745333
0.0654261704682
-0.0909550277918
0.167936402782
0.164747564216
0.169841269841
0.215882806476
5.44444444444
-0.00132275132275
0.100840336134
-0.0304101307686
0.186791329029
0.118808988088
-1