40.85
17.98
14.38
14.57
7.58
5.13
36.43
100.0
40.04
36.56
16.47


0.44
8.95

58.47
5.55


1.31
1.31
0.66
35.21
54.34
160.69
262.925197
721.647244
39.93
288.15748
643.607087

1828.059843
0.303901437372
0.199661893025
0.235367372354
0.207527400516

0.627007115765
0.00147118043437
-0.0622235986373
0.200791757201
0.154995393476
0.0077519379845
0.140827375461
0.0576272939716
0.942700525447

0.200791757201

-0.459122303541

0.388630554381
0.388630554381

0.388630554381
0.482822641317
0.25075592985
-0.950999355255
0.365052306258
0.36674434658
0.543404150518
0.482214913357
0.254167948324
0.0
-0.0941920869357
0.181103153866
1