18.73
12.27
7.73
19.47
12.71
8.04
6.39
21.98
8.93
6.95
8.63
6.29
5.75
1.74
10.33
5.62
39.82
38.45

3.14
1.66
0.95
1.46
41.27
70.28
70.67


0.26





0.552053197461
0.322015570934
0.173598205703
0.264369679773
0.0682443588332
0.156996935649
0.00625086817614
0.334804760065
0.126692747517
0.111111111111
1.37580868762
2.18216704289
0.15296147211
-0.626939788951
0.334804760065
0.0916129916404
0.20627431504
0.0445137568073
0.272105095264
0.272105095264
0.244129407488
0.382475261724
0.236772983114
0.855143031041
-0.0949720670391
1.04074208803
2.14604105572
1.64535147392
1.01921024546
0.621660799337
0.110370166459
0.0353321121499
0.098506889561
-1