6.45
6.59
3.09
5.67
6.03
2.71
2.37
18.27
5.66
3.56
4.18
8.12
8.59
1.96
3.57
5.63
40.06
34.34

2.94
1.65
0.95
2.56
47.88
91.84
47.21
10.680686
450.774765


165.550636
87.181793
345.801051
-0.0736896065616
0.154288059089
0.121933177167
-0.0854186077466
-0.16778185481
-0.110838646395
0.0836563711392
0.271768840297
0.00890046015984
0.1881050489
0.0
-0.0261954261954
-0.26032
-0.156482183472
1930.0
0.00890046015984
0.0695010183299
0.0515243011591
0.314744772813
-0.212338784736
-0.212338784736
-0.200177214429
-0.262496128832
-0.0873786407767
-0.588756871786
0.479007633588
-0.698142717498
-0.721405934889
-0.648354495983
-0.477067741316
-0.472607638392
-0.0501573440964
-0.124960143959
-0.126920176989
1