21.57

5.43
12.47

3.14
16.57
50.71
27.36
20.54
16.4
7.07
3.26


1.13
0.5
25.16
33.62
0.0869751499572
0.0864779874214
-0.0205680705191
0.0135746606335
-0.338709677419
0.0291777188329
0.625
0.0542473919523
0.0774818401937
0.0
0.145365853659
0.178507462687
-0.106404437721

0.0542473919523
-0.317647058824
2.86440677966
-0.0914359818131
-0.1725
-0.1725
-0.309552599758
0.0253054101222
0.0464071856287
-0.00418410041841
-0.155963302752
0.0406504065041
0.0506329113924
0.0230414746544
0.029810298103
0.00634920634921
0.197805410122
-0.218907185629
-0.151931929481
1