10.81

5.58
11.32

5.85
43.56
89.43
76.18
59.3
62.5
9.67
6.5


0.09
1.24
51.63

0.0723856259193
0.0721615814361
0.242682407351

0.253246753247
0.227746768508
0.227746768508
0.0733209967536
0.00776202740427
0.0128205128205
0.195814554176
0.218126125467
-0.0501471273156

0.0733215482375

-0.0724539930269
-0.231081720615
-0.0449519045954
-0.0486648032858
-0.169004128866
-0.0277962349193
0.0330770544664
-0.0560606881237
0.344571388519
-0.14777601141
-0.14777601141
-0.0300240210253
-0.00224281897856
-0.028688578562
0.0208685683665
-0.0817418577521
-0.291347210637
1