17.98
9.89
6.34
11.59
7.28
4.09
6.7
52.43
13.78
9.04
9.06




1.33
0.69
35.29
54.54
0.12211846025
0.189115023485
0.317001870043
0.124797727948
0.652568417972

0.153132816897
0.159093231569
0.0104712041885
0.119363069004
0.037486075884
0.280689912684
1.75459847465
0.153132816897
0.186597367808
0.439970171514

0.0382749736424
0.0382749736424
0.0379564773567
0.0385641137332
0.0346099075664
0.0579658964787
-0.165197474786
0.166713562183
0.172956695862
0.177475956244
0.136526776119
0.0725778038755
0.000289140090781
0.00366506607605
-0.278726896401
1