21.96
13.2
8.41
13.04
8.97
4.99
7.35
50.45
14.01
9.5
8.87
9.57
8.73


0.96
0.9
38.28
62.02
0.10423388179
0.101954398421
-0.0166024317061
0.0357115460112
0.00974805352036
0.0718443627451
0.0796509215429
0.163340178734
0.0141935483871
-0.0810938104846
-0.206963268819
0.427156093229
17.9840241796
0.0796509215429
-0.0405703346756
-1.12888718423

0.195046672371
0.195046672371
0.217225134617
0.174039473684
0.143385697344
0.327501555909
0.107501778321
0.409206987882
0.394201315254
0.342624589772
0.236302314131
0.26398581325
-0.0210071986868
0.0516609750272
0.211649104077
1