-0.48
1.9
-0.04
2.88
2.2
0.22
-0.03
10.15
4.54
1.34
3.39
8.37
25.07
1.32
0.91
7.08
41.33
33.64


2.73
1.81
0.1
7.56
8.18
999.78
-0.285714
867.0


59.571429
141.042857
788.228571
-0.125
-0.0837266697517
-0.0549723145072
0.134036680912
0.0608609599208
0.222456140351
0.144124423963
-0.000384911470362
0.00541190619363
0.891156462585
0.0
-0.0446608615949
0.000269082428917
0.0311047155191

0.00541190619363
0.0634424816889
0.203276247208

0.0746538229982
0.0746538229982
0.0930978489666
-0.0649370353512
0.00337647720878
-0.353968253968
-0.0522727272727
-1.05263157895
-17.375
-6.21739130435
-0.231916480239
-0.305422446406
-0.139590858349
0.0712773457894
-0.0593828579135
1