-0.66
1.02
-0.14
0.41
1.28
0.08
-0.08
15.24
3.68
0.88
2.85
3.96
12.56

0.11
2.73
0.32
20.68
26.06
-0.032989244207
-0.00222663246043
-0.174715674963
-0.123685837972
-0.125701357466
-0.211463004484
-0.0991649670989
0.106665142335
0.0
-0.110454355484
-0.0307951585721
-0.245348956727
-0.944881889764
-0.0991649670989
-0.0613413304253
-0.127450306073
-0.781783261367
0.0915750392689
0.0915750392689
0.094661260348
0.0747232472325
1.61457837065
-0.898524540801
0.0221606648199
-1.01081081081
-0.988414006179
-0.98968274439
-0.626883561644
-0.673097036607
-0.0168517920364
-1.52300333138
0.266290714232
-1