-3.1
1.25
-0.62
-2.3
1.47
-0.46
-0.76
31.03
11.18
2.17
8.45




1.3
0.39
19.93
24.9
-0.00862191482306
-0.0209829673712
0.0818601410781
-0.0829694323144
-0.176470588235
0.121307801996
0.0758340514588
0.0232572410407
-0.0139424503115
0.0101694915254
0.0926894615973
0.0911897673393
-0.0590721446825
-0.741654571843
0.0232572410407
-1.07142857143
1.17723453018

0.114119764398
0.114119764398
0.0785394419566
0.202275960171
0.0910478834143
-4.37714285714
-2.71397849462
-1.71034482759
-2.13333333333
-2.13333333333
0.0667593880389
0.648619382783
0.0881561957728
0.0230718809836
0.0322596233198
1