36.72
14.14
8.09
22.72
9.83
5.0
10.59
33.94
18.66
12.65
12.57
3.37
3.78


1.17
0.44
22.04
28.26
-0.00217139117761
-0.00615549733262
0.0169491525424
-0.0152838427948
0.0742397137746
0.0136114308932
0.0135055783911
0.0040831031584
0.267515193212
0.0335195530726
-0.128949765291
-0.227283427495
0.122252855455
0.417948717949
0.0040831031584
0.113467656416
-0.349506578947
0.282689041958
0.127213365492
0.127213365492
0.103959532531
0.175402132659
0.0268059400956
0.553846153846
-0.276810265811
1.00049285362
1.06496710526
1.06496710526
0.413145539906
0.346573795181
0.0481887671665
0.100407425396
0.11026421295
-1