2.24
3.19
1.07
1.89
2.99
0.9
1.34
45.37
16.28
9.85
7.57



6.21
2.12
1.39
47.66
91.04
0.0654409244846
0.0213081992006
-0.0571316884143
0.0450745797846
-0.0410632653466
-0.201996944028
-0.251706376392
0.0147832645403
-0.00699173360017
0.0
-0.0246255763918
-0.0059517715711
0.172017410692
-0.312467932273
0.0147832645403
-0.0221488053678
-0.197127906061

0.0358795553318
0.0358795553318
0.0677002441237
-1.19823619632e-05
0.0542019586016
-0.156503516043
1.08693680476
-0.823563925699
-0.817589275823
-0.807880862085
-0.368128625771
-0.0837029469164
-0.0358915376938
-0.0183224032697
0.0930112437461
1