2.15
2.52
1.12
3.24
3.13
1.7
5.81
37.85
25.68
12.73
21.7


0.21
2.0
7.4
8.98
27.87


0.76
0.36
1.27
52.34


16.233091
279.604579


755.254943
23.100937
1442.872008

0.0366582756451
0.0294926004228
-0.0213371266003
0.201986754967
-0.564935064935
0.0445344129555
1.12727272727
0.0336190831159
0.0540226546616

0.195893567987
0.310897435897
-0.487471526196

0.0336190831159
-0.1328125
-0.798670465337

0.0216730038023
0.0216730038023
-0.116402116402
0.374324324324
-0.0689655172414
21.8
2.64705882353
-5.33333333333
-7.28571428571
-0.29003021148
-0.146412884334
0.880108991826
0.352651320522
0.0906385210437
0.0430101304026
-1