51.91
34.94
28.18
33.6
22.94
18.24
21.17
28.47
23.03
21.14
15.59
6.96
12.6
1.61
37.42
5.95
43.06
25.64

0.26
3.19
1.89
1.9
54.29

53.47
118.979381
562.113402


229.226804
121.639175
422.226804
0.0210526315789
0.428825622776
0.421934151658
0.131193722018
0.146988856892
0.067605172696
0.176551962649
0.240891897273
0.248468221308
0.47947301883
0.00990099009901
0.0296165711767
-0.0426495565201
0.0946975587
-0.118143459916
0.248468221308
0.118918918919
0.148646638905
-0.0472004446218
0.104505124985
0.104505124985
0.0673197963987
0.210464753587
0.0474442988204
0.279498279498
-1.04946996466
0.32259912904
0.313185856123
0.301341229751
0.2872936544
0.272008915004
0.105959628602
0.0570608261644
-0.0266885970334
-1