9.84
5.29
3.82
6.56
3.94
2.55
12.05
100.0
22.49
13.96
16.56
10.65
8.3


1.69
0.7
38.84
63.51
0.151447543161
0.169682116341
-0.106222750694
0.146881287726
0.553079947575
-0.604117181314
-0.748039215686
0.120994940978
0.123806069399
0.148474068526
0.149956784788
0.182729899711
-0.116788321168
-0.5
0.120994940978
1.25447316103
-0.0905511811024
0.193018673503
-0.0523096129838
-0.0523096129838

-0.0523096129838
-0.0384275618375
-0.129720853859
-4.15217391304
-0.276107594937
-0.268674698795
-0.260606060606
-0.0891304347826
-0.0372250423012
0.0
-0.0138820511463
0.0539131377098
1