6.16
5.12
2.8
3.46
3.63
1.57
3.1
15.61
8.08
4.58
5.24
18.57

1.09
2.91
3.95
48.51
35.05

0.41
2.67
1.38
1.23
45.42
83.2
88.36
13.663043
439.978261


221.826087
127.804348
488.434783
0.0823529411765
0.0128172372679
0.0426647098905
0.0588205847016
0.241066020594
0.391326530612
-0.301115241636
-0.390095936795
0.0339622641509
0.0142132988769
0.0
-0.0277322724081
-0.111507324595
0.266410502722
3.22089552239
0.0339622641509
0.29365166685
-0.0356154406409
0.277231395782
0.32501882222
0.32501882222
0.358844822785
0.167837338262
-0.0042382333259
1.0
1.14748201439
0.936825885978
1.07105263158
1.23028391167
0.291539866099
0.450954283178
-0.157181483958
0.329257055546
0.266198237518
1