15.28
7.53
5.92
9.97
5.32
3.87
15.78
100.0
22.14
15.21
17.23
8.59
6.64


1.67
0.72
38.74
63.25
0.316709799259
0.256043458579
0.176223776224
0.0040404040404
-0.040251572327
0.477192982456
1.19827586207
0.298382191947
0.113789388635
0.158065915004
0.513407455853
0.431735215381
0.0991976659373
-0.118644067797
0.298382191947
-0.106571936057
0.312661498708
-0.045616616766
-0.048354520613
-0.048354520613

-0.048354520613
-0.0433802816901
-0.0751708428246
-0.163636363636
-0.0787172011662
-0.072625698324
-0.0582191780822
0.0139603232917
-0.0160932297447
0.0
-0.0049742389229
-0.224578296837
-1