69.46
19.25
8.76
37.71
11.99
4.75
18.77
33.02
28.88
22.89
16.18
8.16
6.66


0.99
0.3
12.61
14.42
0.11435027811
-0.127366296775
-0.0343502852071

-0.0166873932759
-0.284197801195
0.0431467940933
-0.542762283975
0.0136674259681
0.941577154834
0.887594498037
-0.0325777321642
0.0372228208348
0.0431467940933

0.128867157154
-0.319705695963
0.032155905816
0.032155905816
0.0397932761076
0.0170053389739
-0.0843007815464
0.0693537896645
0.0215710265508
0.0804532690624
0.0844567969745
0.258080835787
0.125501011468
0.0432871864934
-0.0151505668421
0.116456687362
0.0665061910231
-1