24.11
12.82
7.59
15.06
8.38
4.74
14.31
27.56
21.66
15.24
15.36


0.83
12.79

171.93
15.63


0.99
0.99
0.96
31.48
45.94
166.63
27.76575
194.054625


115.138375

365.76025
0.0126582278481
0.161490725359
0.104662748846
0.688604121514

0.776654964594
0.504921491094
0.696655569904
0.306823338157
0.0581112438542
0.024154589372
0.183754754369
0.249636229159
0.870380775536
1.50775160191
0.306823338157

-1.10784987748

0.234603217017
0.234603217017
0.227448998637
0.253811866826
0.130668448249
0.374836576622
0.861439588689
0.351797418436
0.355315470202
0.355315470202
0.230599321873
0.276352292436
0.0192086498082
0.103934768768
-0.454000904496
1