14.6
7.38
4.93
9.17
5.35
3.1
14.04
90.68
25.97
17.17
17.62
7.87
4.14


1.26
0.59
33.8
51.05
0.0711744703113
0.0868252353502
-0.213884892086
-0.0230607966457
-0.357317371121
-0.0912721049629
0.0273240371846
0.0401140432303
0.0
0.0679344527615
0.124308588064
-0.194965632547
-0.987192118227
0.0273240371846
-0.0384133611691
-0.278876834716
0.136397210204
-0.0482012079479
0.0404964286869
-0.121133275513
-0.0400142792237
-0.1069194101
0.413427561837
-0.631008312252
2.83179916318
1.40838509317
1.59099099099
0.487066735644
0.261238463829
-0.0805107079106
0.147415838787
0.254381320773
1