54.52
16.64
11.25
34.9
11.56
7.2
9.06
23.53
13.52
10.66
8.66
5.67
13.86

1.58
2.18
0.35
20.64
26.0
0.0760757149626
0.0405339594586
0.0888263074951
-0.0105867560771
0.316733280224
0.169863379863
0.0817027711892
0.199142304995
0.00609756097561
0.197869011744
0.256945152968
-0.216346201669
-0.952563142769
0.0817027711892
0.0260136721808
0.623836396168
0.135850834202
0.0489703318014
0.0489703318014
0.0440049421293
0.0654406050873
-0.0862423361803
0.332624974965
-0.109804647718
0.460890658918
0.978985903102
0.979980961312
0.243368286575
0.123490176427
0.0164702732859
0.135212667982
-0.0398559756937
1