17.96

7.87
7.76

3.4
6.82
25.6
8.81
8.81


34.65


3.42
1.05
43.81
77.97
0.0744627585492
0.0835438020273
0.218484719168
0.368831197259
0.371408161443
-0.231033937189
0.141738199728
-0.0741280018619
0.0
0.567298549435
0.563769545521
0.0625520287542

0.141738199728
0.218911631867
0.297102057544
-0.284558306214
0.191085337979
0.191085337979
0.210437273487
0.138201322268
0.198453736803
0.0387302197274
0.70013933121
-0.0670699673645
-0.0484523632974
-0.553520754384

0.0387302197274
-0.0528840157109
-0.00736839882394
-0.0273993811887
1