15.8

10.42
14.22

9.38
7.59
30.03
12.15
7.79
11.19



1.16
3.12
4.2
65.97

0.180386842429
0.0763828221987
0.342332177135
0.383266207613
0.0950342246263
0.300850277264
0.268018196277
0.159226952207
0.0
1.01853196286
2.80801687764
0.292885889159
-1.0
0.268018196277
0.479014750243
0.366939269397

0.233108044958
0.233108044958
0.259967865722
0.174768547929
0.153452225866
0.240186110632
-4.70731707317
0.198591982502
0.573129691949
0.0935388879266
0.103145808434
0.193634855125
-0.0583394970286
0.0796558190921
-0.109224132177
1