11.88
6.22
3.41
7.3
4.76
2.09
18.89
96.89
40.17
30.09
21.7
10.72
6.92

0.1
0.94
0.47
28.7
40.25
0.0594102801519
0.0615950851696
-0.041238188335
0.0308185848683
-0.0530481348234
0.0835112873703
0.0489942458764
0.0261628469762
0.00111164046371
0.0225711834578
-0.0101889307586
0.345458471725
-0.200432228749
0.0489942458764
-3.2019884877
-1.26052175003
0.137952307661
0.0435223000859
0.0435223000859
0.033396958469
0.043850242315
0.0198174213993
0.101492242181
-0.00115793031669
0.172920004471
0.195462457659
0.155906147054
0.117065917408
0.0948443281477
0.000327942229066
0.0237048786866
0.0847604884209
1