13.38
7.09
4.32
8.18
5.2
2.64
13.61
80.9
28.41
19.48
17.25
9.69
9.03
0.36
3.14
16.31
29.32
34.39


1.15
0.98
0.57
32.28
47.68
174.81
68.385491
502.490754


511.280228
23.736842
1583.631579
0.0414814814815
-0.00234888577307
-0.00753657858689
0.599090648244
0.553316600932
0.000765217391304
0.971389219308
-0.786214472058
0.0490027673947
0.157573356779
0.20251861196
0.0237191202292
0.126380676532
-0.083480716464
-0.426100628931
0.0490027673947
1.72975625716
-1.40555329928
0.0756035543968
0.134957557687
0.0938346077177
-0.0255018050542
0.180874890494
0.187983265065
0.159015896538
0.191206015728
0.145652122108
0.129943068164
0.343033348561
0.185408560311
0.128962584651
0.0870402827763
-0.094148657347
-0.505256040526
1