32.36
14.75
6.03
31.46
14.54
5.87
5.27
41.99
13.95
9.46
9.61




0.85
0.32
18.64
22.92
0.00503032482397
-0.00378571284418
0.191301289941
0.20780664377
0.255126199817
0.0545532373644
-0.115299093129
0.0361870424734
0.139366847601
0.083992248062
-0.0233501174169
-0.0314282720898
0.129856391845
0.0232177838344
0.0361870424734
0.193040470845
-0.119288353101

0.0905636369889
0.0905636369889
0.130485023934
0.0398385320078
0.0330559007322
0.0638669833729
-0.115215866259
0.268028520306
0.27450605307
0.276495690502
0.177192570924
0.0693882486042
-0.0507251049811
0.0575077362567
-0.100737652952
-1