37.52
27.35
16.89
23.05
17.24
10.37
16.3
48.84
20.7
17.0
13.71


1.61
23.78
4.28
111.82
53.85

1.5
1.64
0.96
2.31
45.0
81.81
53.05
103.13
632.653333


274.826667
249.74
610.756667
0.310043668122
0.58098489551
0.314763764454
0.443174448768
0.0165921851725
1.12274511216
0.343558282209
1.93654266958
0.497613326141
0.288813856062
0.339879154079
0.726796878786
0.764763274109
0.726239368326
0.587429018994
0.497613326141
0.282383951801
0.148669882839

0.258135295482
0.258135295482
0.33385991181
0.18751441236
0.138003766478
0.292851991345
0.0840816326531
0.303627859942
0.312564757892
0.312564757892
0.283128667949
0.277163664738
-0.0706208831224
0.120131529004
-0.185039153285
-1