11.32
10.44
6.22
6.92
7.2
3.8
7.16
58.88
13.43
8.38
9.43
5.82
5.45
1.16
4.6
9.05
26.02
23.11


2.08
1.7
2.77
54.98

50.38
4.681356
65.360542


41.35678
7.753763
75.219051
0.0966542750929
-0.153249616472
-0.0979372261213
-0.0895328432609
-0.0256137094156
-0.234507150546
-0.0754169622233
-0.0748807878407
-0.1209270872
-0.120246181802
-0.125733408666
-0.334732368377
-0.381764992686
0.173908205024

-0.1209270872
-0.119789121275
-0.245539233606

0.0304022025966
0.0304022025966
-0.050178700441
0.0952827922582
0.127160932539
-0.0641967015658
-0.65260450541
0.314787311017
0.317721948986
-0.114432351305
0.19916462111
0.131028970505
0.0648805896617
-0.0967587299424
0.119935045857
-1