9.72
8.32
5.77
6.6
6.07
3.92
7.13
42.95
13.36
8.46
9.74
9.75
7.06

5.57
2.39
2.59
59.4

0.196467582479
0.0343147259924
-0.0134655211132
0.0212654457193
0.523721590909
2.02349869452
0.0975876333892
0.087205314625
0.00540906017579
0.26463691004
0.182206374362
-0.0363169764367
-0.0116088180113
0.0975876333892
-0.0721983503729
0.00361934386674
0.0591359800715
0.102322146151
0.102322146151
-0.062882424927
0.439307553691
0.0570301630398
-4.03223258019
-0.0598317232783
-2.69574334242
-2.89739160477
-2.89739160477
3.40817547358
5.77407821229
0.33698540754
0.0452919831111
0.115787667264
1