19.28

14.23
10.71

7.91
10.35
39.9
15.23
10.56
10.43
5.88
8.54
1.7

9.01
1.21
19.41


2.85
2.06
10.48
73.83

9.54
7.725254
74.626117


40.063883
4.51231
54.267716
0.0506666666667
-0.0647191560959
-0.0366070463633
0.261164585853
0.106893885965
-0.506063339347
0.360774806503
0.44389928346
0.0888496880341
0.120285501171
0.000402414486922
-0.014429429233

0.0179011008978

0.0888496880341
0.0919381387579
0.447824276732
0.817435401824
-0.00285212462937
-0.00285212462937
0.00887812982623
-0.0200136319897
0.0305227905732
-0.137579603676
-1.33820471025
-0.194133423705
-0.0721180603868
-0.0541419273967
-0.0572287859871
-0.11542524936
-0.0171615073604
-0.0333749152026
-0.264016710482
