-5.62
0.33
-1.97
-7.54
-0.39
-2.65
-11.54
99.84
35.27
0.35
19.43



0.09
0.56
0.6
35.1
54.1
0.0121542028054
0.0685052571757
0.0434316665899
0.193203545976
-0.0291521735799
0.0667112129066
-0.546918061437
0.0131633594119
0.18960116066
0.0
0.00431619526177
-0.0352597549641
-0.432052077421
-0.664367760097
0.0131633594119
-2.14544888266
-0.638217617147

0.0578806125174
0.0578806125174
-0.633828617952
0.0611431898662
0.20329675432
-0.969108285298
-0.271645506597
1.34554517248
1.1961822265
1.11304031607
0.393329598409
0.0791189444358
0.00326257734875
-0.145416141803
0.0144489459275
-1