41.93
13.56
5.76
40.74
13.34
5.6
4.38
36.58
11.57
8.16
7.67
8.75
7.28


0.97
0.22
13.74
15.93
-0.00142692528516
-0.00671834448495
-0.118568966343
0.100145457751
0.0634031097192
-0.422868803736
-0.145085819165
-0.0308512845181
-0.343533372652
-0.134436705483
0.162857468488
0.171616074628
-0.168176099253
-0.984545292877
-0.0308512845181
0.102818430538
-0.695811584978

0.0794649296882
0.0794649296882
0.101607697011
0.0431187352842
0.024768054653
0.112538289274
-0.126807758216
0.456371419164
0.4888135811
0.498182180387
0.213929270443
0.0703690927906
-0.036346194404
0.0546968750352
0.198033896031
1