-51.95
-23.12
-18.99
-43.04
-18.8
-15.73
-16.26
55.05
5.14
-14.98
6.65
12.02
9.8


1.64
0.94
36.55
57.59
-0.240421194335
-0.0690562659415
-0.124724741175
-0.100271840717
-0.198471329104
-0.512421052632
-0.197502477239
-0.439068444188
-0.168505681119
0.308367701122
0.765372725707
-0.171985631047
-0.966945791097
-0.197502477239
0.00183391450342
-0.0385321178322
-0.159746879849
-0.0482495717585
-0.0482495717585
0.0378347964318
-0.10861460523
0.293411695306
-2.96579325337
3.4922472607
-3.21777394166
-3.73354536726
-3.74398515716
-0.145319223342
-0.509540994699
-0.0603650334712
-0.341661267064
0.076475169416
1