8.71
4.02
2.6
-16.44
-6.14
-4.9
1.57
28.1
6.09
4.24

7.1
9.28


1.52
0.68
29.82
42.49
-0.155912644411
-0.225650916104
0.185271754592

0.170222628091
0.247933170099
1.10408921933
-0.0471064382416
-0.12151943288
-0.14901974416
-0.101156311693
-0.13252760058
0.187958572604
1.02702702703
-0.0471064382416

0.18011015513
-0.160185864313
0.324750116433
0.324750116433
0.314953733281
0.350488948571
-0.0730765695376
-1.85997213148
0.200637587289
-1.21907804655
-1.09508644222
-0.494816410533
-1.70728904847
1.44198021591
0.0257388321379
0.397826685971
0.139478361841
1