31.5
20.8
11.81
21.76
15.09
8.16
6.13
24.68
7.31
6.83
4.72
7.64



2.19
1.41
37.49
59.97
0.148296171645
0.167608286252
0.31470033188
0.271820098384
0.315680435064
0.877126654064
1.33486238532
0.27538392724
0.361834654587
0.0286458333333
-0.0283637400228
-0.0449528075508
0.527065055454

0.27538392724
0.3496850544
0.177139180785

0.283620107085
0.283620107085
0.280991735537
0.291710833157
0.169098143236
0.779831045407
0.065625
0.925031766201
1.32555555556
1.32555555556
1.09237668161
0.712185870081
0.00809072607136
0.114521963849
-0.0310802247947
1