-89.17
-56.49
-38.67
-80.17
-50.77
-34.77
-16.93
53.63
5.76
-14.21
4.76
1.34
1.63
3.35

12.65
2.31
17.91


1.39
0.82
1.75
43.37
76.58
57.22
-20.185978
119.269511


22.636522
4.256685
52.197772
0.0
-0.393989370829
-0.163171022859
-0.165970651183
-0.308140903162
-0.168968366383
-0.017406867846
-0.215286268208
-0.310898256867
-0.503847601622
0.00178571428571
-0.0126390356055

-0.0233095539447

-0.310898256867
-0.449410557247
-0.394851678076
-0.880014061894
-0.0842687908667
-0.0842687908667
-0.0106092516642
-0.139642181529
0.261366437738
-2.66233925421
1.23672042404
-3.30639592648
-4.43401038721
-4.49544626594
-0.511943909867
-0.586974483914
-0.0553733906623
-0.345635228605
0.0817018603163
1