8.04
5.71
3.62
5.99
4.58
2.69
2.87
21.29
6.95
3.69
5.4


1.55
4.52
7.08
61.33
34.58

2.17
2.38
1.43
1.24
44.95
81.64
82.22
2.861446
99.584337


35.578313
21.463855
79.156627
-0.0235294117647
-0.00600928708003
-0.0236734693878
0.0702939565456
-0.0546558704453
0.189691592733
0.1109375
0.342245989305
0.0266427064614
0.0121679520137
-0.00149925037481
0.333147009503
0.601998824221
-0.272297696397
0.0
0.0266427064614
0.0504127358491
0.62505978001

0.0799634154308
0.0799634154308
0.102618422168
0.00370792926412
0.121434078643
-0.331140350877
0.106557377049
-0.398734177215
-0.32183908046
-0.32183908046
-0.143815915628
-0.198185624564
-0.0762554861667
-0.0414706632122
0.00966945888529
1