31.4
6.09
3.89
9.07
2.31
1.12
5.17
28.5
8.83
6.1
4.22
7.38
6.39
1.03
8.04
5.15
90.17
68.17

1.98
1.6
1.05
0.2
12.4
14.16
498.29
4.892508
94.547231


15.583062
24.149837
125.648208
-0.0863095238095
0.0169304379831
-0.00474946568511
0.0728243877019
0.0771581359817
-0.124307395808
0.962513781698
-0.0510752688172
0.0400668679896
-0.684349432568
-0.361280487805
0.882051282051
-0.164120126449
0.089928057554
0.121794871795
0.0400668679896
-0.00161594398061
0.0454237288136
-0.178399584366
-0.372302236062
-0.372302236062
-0.400612327422
-0.287951807229
-0.246000463714
-0.408817635271
-0.743295019157
-0.229743589744
-0.450867052023
-0.286184210526
-0.374489795918
-0.410492406811
0.0843504288335
-0.126301772348
-0.445126623764
1