15.31
9.25
5.7
11.17
7.23
4.16
4.85
24.28
9.26
6.45
6.36
6.26
6.46

1.96
1.74
0.95
37.21
59.26
0.50676712711
0.196973942281
0.319444444444
0.318988464951
0.16991643454
0.075
0.423300069622
0.116984826236
-0.012030075188
0.929070392262
1.66071428571
0.421651495449
0.0
0.423300069622
0.301905717151
0.202309985097

0.279481411319
0.279481411319
0.274135783245
0.296442687747
0.257748776509
0.417090539166
0.165540540541
0.525473071325
0.638709677419
0.645161290323
0.383685800604
0.324950363997
0.0169612764281
0.02173263481
-0.0399630331255
-1