1.95

1.5
0.6

0.46
1.92
35.36
15.3
3.82
12.08
3.48
4.97

2.58
1.57
15.79
76.91

0.169636120945
-0.0453514739229
-0.346675274371

0.0123496912577
-0.46527106817
-0.491768520828
-0.0463491206157
-0.0499803227076
0.0
0.178082191781
0.300589390963
-0.078410311493
0.267045454545
-0.0463491206157

-0.566852776962
-0.353692679681
-0.0887987751893
-0.0824630584565
0.162705219309
-0.347031197585
-0.67564916869
-1.08863827993
1.04901960784
-1.04364424267
-1.01656759833
-1.01674121406
-0.72675911659
-0.582507433102
-0.264568139128
0.593186110234
0.264212215914
1