-16.66
1.44
-2.41
-11.76
2.2
-1.7
-18.53
56.65
48.61
10.7
24.83
17.37
11.74


0.32
0.18
14.45
16.89
-0.0677189671132
-0.0830917641176
-0.0221202965552

0.369985232587
0.369985232587
-0.0667683724262
-0.160410421842
-0.0186332979116
-0.0495553707607
-0.054373447388
-0.0407464319938

-0.0667683724262

-0.0491748821554
0.114791028412
-0.085102443252
-0.085102443252
-0.105750564941
-0.0686473933714
-0.100049243067
0.0954689619085
-0.100834025948
-0.185165475415
-0.185959849118
0.0912399860676
-0.17345418555
-0.0614960982036
0.0164550498806
0.0149467998146
-0.0629821466968
1