-15.65
2.31
-2.07
-11.36
2.91
-1.5
-14.48
58.67
50.6
15.6
24.5
15.0
10.7


0.29
0.16
13.22
15.23
-0.066282446304
-0.0915456806189
-0.175691773173

-0.161648781466
-0.181980687177
-0.181980687177
-0.0686724222566
-0.147942576371
-0.0301336079449
-0.0508764419669
-0.0788885462193
-0.105716239195

-0.0686724222566

-0.0731508724111
-0.0793721937008
0.0243902184572
0.0243902184572
-0.0232170834607
0.060818338683
-0.039841614371
0.493005663706
0.0538974086274
-0.199711737681
-0.15657712235
-0.176806205014
0.0107811502134
0.0665001105366
0.0364281202257
0.0642318328282
0.20008199163
1