27.26
21.88
15.48
17.43
14.35
9.89
5.95
27.77
6.81
6.08
4.53
8.16
15.56
3.5
20.93
9.98
43.85
20.73


2.96
1.95
3.26
56.77

30.72
24.150972
405.889387


88.580397
66.756566
156.026265
0.0607021517554
0.0587573538904
-0.00905642418219
0.0586596044368
0.0854768049313
0.144877513277
-0.0892134471291
-0.162880694689
0.0586826434067
0.0547564501242
0.0
0.106174254263
-0.0102757966665
0.0370731170368

0.0586826434067
0.121663222251
0.070001677241

0.107000066975
0.107000066975
0.100734258418
0.123641078706
0.0797655787438
0.314023281193
0.530386740331
0.309941046341
0.306474638139
0.306474638139
0.227965908443
0.259346453552
0.0166410117305
0.0272344882313
0.0483404625384
1