29.68
25.75
17.22
19.07
16.93
11.07
6.64
27.93
7.42
6.7
4.99
10.4
22.55
3.71
23.29
10.08
44.45
17.37


2.56
1.7
4.93
58.01

31.44
28.873786
434.543474


97.299461
75.818339
167.717152
-0.0102498398463
0.0267611930766
-0.0424612255276
0.0753683449012
0.0490665854926
0.0741780549749
0.114134459573
0.12437516443
0.0639111173155
0.0871723293364
0.0
-0.282864273494
-0.671855721524
0.247193933058

0.0639111173155
0.124102347571
-0.0121347087805
0.471832682708
0.0596223655552
0.0596223655552
0.0571638741911
0.06601862642
0.0374181432623
0.16799605509
-0.526273565985
0.183299587087
0.189808987676
0.189808987676
0.167098039671
0.155215832896
0.00639626086476
0.0222042222929
-0.015745979346
1