16.29
6.97
4.7
10.56
5.17
3.04
28.98
61.98
55.9
38.98
35.7
12.72
11.75


0.93
0.46
28.83
40.52
0.039317959888
0.0960421009538
1.48018030616
0.0412858493539
2.53453409834
-0.728657003064
0.0860308992704
0.0589320626492
0.00946422842477
0.0553232421471
0.0755922764084
0.608277323675
-0.528559679071
0.0860308992704
-3.7515576324
-0.726106551186
0.223365990311
0.0424669820557
0.0424669820557
-0.0131558770912
0.0797979718016
0.007871141581
0.127273523743
0.0436164158341
0.15934045957
0.162046929606
0.188034843272
0.0938764712435
0.0873888818501
0.0373309897459
0.0345958404747
-1.4377133241
1