17.68
6.06
5.61
10.71
3.63
3.4
29.89
59.65
53.41
40.09
31.42


0.21

64.04
52.56
28.43


0.42
0.39
0.54
31.73
46.47
193.23
91.630374
306.54577


518.190707
25.330097
1633.407767
0.144444444444
0.140199731388
0.134584339889
0.0861508413819
0.181818181818
0.0355905006418
0.250126518219
0.319326949893
0.13800697287
0.135405808685
0.0300418140881
0.181496197495
0.126021651695
-0.075736742514
0.274437617428
0.13800697287
0.019140625
-0.167565121055

0.203701737044
0.203701737044
0.268438571286
0.163538968632
0.183248939373
0.154160235997
0.224194555275
0.132053325108
0.13012218377
0.130281839373
0.135977684706
0.151562743874
-0.0401627684125
0.0204527976711
0.117550895662
1