199.94
53.03
29.63
137.89
36.94
20.44
15.88
55.09
22.91
16.84
17.02
7.73
10.84

10.91
0.88
0.35
14.82
17.4
0.0230453591195
0.0790243127284
0.0513508023563
-1.0
0.175062203652
-0.0509355509356
0.0335175378387
-3.10934805105
0.0
-0.217786932963
-0.2
-0.137284379668

0.0335175378387

-0.624475377728
0.5963994712
0.0437281738715
0.0437281738715
0.0281324144165
0.0567989833296
0.0211734516957
0.147772956699
-1.72324940991
-0.00677508976588
0.132754775787
0.133942980097
0.199220394195
0.192755113083
0.013070809458
0.0225547221759
-0.00762262848474
1