7.92
7.34
3.63
7.1
6.92
3.25
5.56
24.81
20.46
9.0
16.44
11.06
8.17


1.39
1.06
45.84
84.65
-0.00191607038736
-0.0170204498504
0.0700833743459
-0.0214307073795
0.140910729116
0.530848244954
0.00829918464586
0.0578699129027
0.00121728545344
0.0105804716198
-0.00096025056112
-0.165231183723
-0.734554930757
0.00829918464586
-0.190200321993
2.77019344292
0.345450916471
0.236866387354
0.236866387354
0.156997462229
0.564125801894
0.325502260633
1.28728545907
0.0970294058812
5.97165800661
2.77898954456
2.76715122483
0.524019931525
0.526621107655
0.327259414541
-0.0886358732799
0.166783013008
-1