10.63
7.57
5.59
5.9
4.79
3.1
7.3
28.17
10.95
7.07
7.93
5.87
3.96

1.24
3.06
1.42
52.53

0.124888364948
0.0482301800869
0.095472585624
0.0417864673184
-0.0658589624107
0.250096711799
1.03683168317
0.115267193923
0.125987525988
0.0
0.151738955284
-0.393886462882
-0.0379446640316
1.26605504587
0.115267193923
0.00147034798236
0.174467587175

0.0361364896815
0.0361364896815
-0.00312781014192
0.151808339092
0.0818890814558
0.427189988623
-0.995812522073
-0.879883219797
-0.89295971979
-0.894182621502
-0.811251173394
0.257115135834
0.115671849411
-0.0457525917743
-0.0593360959424
-1