
2.7
2.28

2.85
2.41
3.15
24.52
6.79
2.55
7.58



1.27
3.6
-0.24
-28.66

-0.0263814274751
-0.0232461945731
0.0533666171907
-0.0277777777778
-0.0217197262719
0.163883935808
0.167280480713
-0.000737623117976
-0.0739493439978
0.0
-0.00825162956142
-0.263698630137
-0.127115229654
-0.341463414634
-0.000737623117976
-0.0254981425194
0.144248326233

0.0144856820469
0.0144856820469
0.00295597986738
0.0516952430063
-0.116189094426
-2.64980544747
8.13636363636
-3.13211382114
-2.50283286119
-2.39397741531
0.402893711742
0.0855769230769
0.0372095609594
0.130674776473
-0.0388809351438
1