31.18
24.06
7.34
24.77
19.3
5.83
16.51
50.26
31.61
28.11
16.62




1.01
2.87
23.54
30.78
0.27264709588
-0.0270473328325
0.0546989895156

0.0501399253731
0.0618381010347
0.111308203991
0.114316239316
0.229203682765
0.0233333333333
0.197106690778
0.146601146601
0.0709261145879
0.339805825243
0.114316239316

-0.663090128755

0.176807796249
0.147157996146
0.120200595518
0.238765008576
0.0968297725706
0.37943989071
0.666
0.230809128631
0.298834818369
0.289329685363
0.294149512459
0.371678743961
0.0916070124299
0.0503282235758
0.0924590066308
-1