13.75
9.91
4.14
9.92
7.88
2.99
1.81
15.63
3.7
3.33
1.68
10.64
6.23


1.47
1.14
30.13
43.12
-0.0105241275717
0.0471784427547
0.0910275232454
0.0923116804806
0.00214709066225
0.136291070977
1.25845368395
0.0518111663559
0.11696052694
0.0203488372093
-0.0125897563912
-0.0389838006718
0.051094812139
-0.923945844548
0.0518111663559
0.0924254439061
0.187503242505

-0.133091437488
-0.133091437488
-0.138881983974
-0.10044215765
-0.117345732524
-0.0319936425698
0.0463599715438
-0.0892452973219
-0.0929234178092
-0.00623761889949
-0.032562529495
-0.0410255838085
0.0326492798382
-0.0157457049639
-0.224118960734
-1