-205.43
-55.47
-28.2
-151.68
-40.17
-20.82
-12.12
16.83
3.13
-11.1
5.27
10.79
0.28
4.82
-17.9
5.76
7.71
4.33


1.19
0.41
0.4
13.73
15.91
277.36
-63.767123
525.90411


31.041096
96.246575
226.136986
-0.120481927711
-0.233988527428
0.998063550744
-0.14484972602
-0.134276719758
-0.381163893699
-0.0645718232044
0.716834726543
-0.181272628081
-0.612135735376
0.101928374656
0.0165807768626
0.141498065848
-0.0196944475356
32.8709677419
-0.181272628081
-0.154216458471
-0.484965160325
-0.176171097259
-0.199837428875
-0.199837428875
-0.21121541502
-0.138418455794
0.798993288591
-3.76868096166
-0.550228310502
-8.02111613876
-8.69086651054
-7.94343434343
1.98085419735
-0.303540336622
0.061418973081
-0.998830717466
-0.0549877028553
1