23.02
10.89
5.3
20.79
9.96
4.78
1.82
16.88
4.11
3.57
2.18
9.43



1.25
0.72
23.01
29.89
0.0285479901559
0.113096535193
-0.0961450729927
-0.0509682133723
-0.144620811287
-0.464788732394
-0.0450111013927
0.13758272379
0.0
-0.18974085907
-0.17909889699
0.000786410821013
1.19101123596
-0.0450111013927
-0.0877742946708
-0.351867219917
0.0101974475041
0.10068059765
0.10068059765
0.0978496681981
0.114832535885
0.0945194598888
0.19773095624
0.101669195751
0.307826086957
0.313559322034
0.782152230971
0.542662116041
0.183460736623
0.0141519382354
0.00616113776101
0.196825670643
1