0.96
4.22
0.26
-4.6
2.66
-1.25
1.09
30.73
25.56
9.94
10.41
12.46
7.3


2.33
0.39
27.12
37.2
-0.0262733482653
-0.021773395561
-0.120327532473
-0.184943279477
0.192383984966
-0.223507814094
-0.230056502366
-0.0341173634288
0.0939689411257
-0.981163807602
-0.0810916539118
-0.0803330246312
0.0949680414011

-0.0341173634288
0.1900301593
-0.233602662767
-0.0375661360499
0.0631082123502
0.0657988663692
0.0674264620237
0.0535030273075
-0.00368243073855
0.197304642627
-0.220955950114
-1.35703957382
-1.29714832536
-0.386198480818
0.179109390636
-0.00217920313805
-0.0122958390616
0.0694812971077
0.186126398842
-1