46.22
34.5
25.36
53.6
39.73
29.41
23.69
25.36
10.57
9.2
28.84



0.62
2.43
2.44
54.86

-0.411923076923
-0.313482216708
0.632059079062
-0.0414847161572
2.74729241877
4.71193415638
-0.0915755798454
0.381744271988
-0.986111111111
-0.486413955049
-0.926059513075
-0.148760330579
-0.96992481203
-0.0915755798454
0.145077720207
3.54209445585

0.173962021242
0.16533933518
0.177806619079
0.162790697674
0.106003752345
0.278095238095
-10.2719298246
3.20437956204
5.29581993569
4.30158730159
3.42016806723
0.237560192616
-0.00254863750564
0.0593355828348
-0.466719743882
-1