-3.65
2.46
-1.11
1.73
4.55
0.52
-6.83
54.73
44.8
12.13
35.9
18.06
12.66
0.21
0.65

10.94
61.48


0.06
0.06
0.64
30.32
43.51
156.92
-28.2
412.6675


771.9825

2546.2325
0.025641025641
0.117809752981
0.127810285714
-0.282931025758

-0.515593318529
-0.0266907698852
-0.00961098398169
0.109185557074
-0.0233756293804
0.0
0.0399429111044
0.0402058873061
0.6541572687

0.109185557074

0.8133132789
0.128168720966
0.189363480466
0.189363480466
0.176514113887
0.200207262147
0.266126418152
0.0147438820489
0.0513802135805
0.123394084255
0.123394084255
-1.45698601938
1.11790986097
0.245591578947
0.0108437816804
-0.076762937686
0.472294506224
1