-11.61
3.66
-1.75
29.72
10.73
4.49
-9.7

47.88
17.91
54.82
11.66
6.13


0.14
0.21
15.09
17.77
0.0164102639816
0.0190968274039
0.209476572393

-0.358641358641
0.473041866214
1.29244673983
0.0190740773097
0.176363798365
-0.120842244362
-0.00752069159349
-0.00139749273362
0.0141183723798

0.0190740773097

-0.0117279124316
-0.00624917566356
0.0282491393413
0.0282491393413
0.108421391564
0.0456907421323
0.0428144241817
0.0640579437494
-0.0751570743087
-0.254997265934
-0.254997265934
5.63453815261
0.780608834267
0.0914027965719
0.017441602791
-0.0145652848405
-0.181227433052
-1