14.37
8.34
4.14
8.96
6.4
2.58
3.85
19.77
9.61
6.22
5.79
6.12
3.73


1.0
0.56
28.82
40.48
0.0485076998754
0.0755071988317
-0.116166968515
0.0237241214089
-0.175394496746
-0.216793298266
-0.0793742566407
0.0116776659951
0.0285043515379
0.014888337469
0.00474347848282
-0.00125600979156
0.00575688269206
-0.0238970588235
0.0116776659951

-1.01065435965

0.23992754349
0.23992754349
0.283946407036
0.0885197966782
0.0844909243649
0.0974057449341
0.115503264772
0.0865616600464
0.0880215045845
0.0880215045845
0.135409031518
0.122468005924
-0.151407746812
0.155436619125
0.356094512006
1