29.01
23.68
22.32
25.54
20.86
19.65
46.48
58.91
53.05
46.45
47.52
8.52
12.14


5.36
4.3
76.94

0.578510402855
0.595294937137
0.410419143395
0.418584633809
0.192883281204
0.206564302867
0.527881191099
0.36994909516
1.02149960537
3.4317457447

-0.0135172653132
-1.0
0.527881191099
0.674360178702
0.564513178891
0.0214270615336
0.306589717569
0.306589717569
0.157508197423
0.435567916775
0.153337669872
0.536402293869
-0.775265957447
0.530235872942
0.54964610427
0.54964610427
0.45148210453
0.450821247008
0.128978199205
0.153252047697
-0.103829425826
1