18.38
14.76
9.05
12.38
10.31
6.09
7.89
24.39
13.21
8.35
10.17



6.0
1.22
2.87
49.24
97.01
0.0489786443825
0.102166888424
0.143662560033
0.126548672566
0.0782230402409
0.464032799105
1.44610458911
0.0857600584036
0.0975853455454
0.0
-0.159974389463
-0.211652091704
0.253081690926

0.0857600584036
0.0780103582218
-0.183864915572

0.15900773439
0.15900773439
0.149876237624
0.188263283109
0.182833133253
0.198831775701
-0.0137931034483
0.214285714286
0.202508960573
0.217537313433
0.141864716636
0.147666195191
0.0292555487189
-0.0238253988636
0.0153451743563
-1