15.16
12.06
6.46
8.6
7.8
3.66
3.27
17.91
4.56
3.83
2.59
9.53
9.05
3.01
5.21
7.66
6.21
39.58


1.22
0.47
1.86
42.59
74.2
54.2
19.4
592.555556


127.955556
22.438889
300.405556
-0.1
-0.0461010150125
-0.047417866474
-0.1671011566
-0.207781127353
-0.149791955617
-0.0766252836737
0.574410163339
-0.100896227199
0.0478140212001
0.0
-0.087854727246
-0.0984007832898
-0.241224855444
-0.771771771772
-0.100896227199
-0.158015426308
0.512887560702
0.383463452339
-0.194331769736
-0.192726100832
-0.204971989431
-0.141662921348
-0.571660819714
-1.31847630942
-0.511627906977
-1.24916161256
-1.19227913883
-1.1592792213
-0.522393221511
-0.100129557653
0.0510631794833
0.378934718883
-0.0256249442317
1