6.9
6.0
1.98
4.21
4.99
1.21
4.45
100.0
16.32
9.76
9.27
9.46
4.53


0.44
0.6
28.65
40.16
-0.0550956043745
0.0574875203629
-0.678200749026
-0.175368296995
-0.727497125902
-0.89009366964
-0.213659383884
-0.000611246275389
0.0158086694056
-0.311635152273
-0.40288001866
-0.192084501946
7.08521426544
-0.213659383884
-0.461366418683
-5.95565382186
-0.00726685095254
-0.0587886565258
0.0161088318199

-0.0587886565258
-0.0209856353659
-0.306328923632
-0.109472664327
-0.451295169977
-0.469064038058
-0.472518885126
-0.178716942459
-0.192797312336
-0.0748974883456
0.0370944671857
0.694309580846
1