7.59
5.26
1.54
4.67
4.48
0.95
4.97
100.0
19.01
12.2
9.86


0.41
1.53
26.53
98.13
101.66


1.03
0.98
0.36
20.29
25.46
287.27
29.038579
584.558376


382.337563
16.298985
1884.071574
0.0102564102564
0.00971908477448
0.0164544711473
0.0516003747196
0.935259497057
-0.0155215024087
0.0546311240793
-0.190744683022
0.0196550895243
-0.0355914581525
-0.0418589632283
0.0349146607486
0.00437589980884
0.0343509838696
1.77111344204
0.0196550895243
-0.253122746621
1.38523623832

0.0250982521575
0.0193070419692

0.0250982521575
0.0624452285532
-0.181901306325
-0.0286514232385
-0.334682437226
-0.296763619849
-0.189607874778
-0.0628022114036
-0.122714557099
0.0057912101883
-0.043138186584
-0.0322933327504
1