13.51
6.45
3.8
8.45
4.78
2.38
9.89
100.0
21.09
14.08
13.2
8.18
5.56


0.98
0.49
28.13
39.15
0.0712521536781
0.0497614574985
0.0603745912883
0.0716257984752
-0.17552478174
0.148537592334
0.0756198406639
0.0696521276771
0.0532224654108
0.0333449332521
0.0745010594434
0.0455675075885
0.0828747787802
0.649013337493
0.0696521276771
-0.758301057487
-33.3538461538
0.106245889611
0.0391598342251
0.0166985695202

0.0391598342251
0.0394098308745
0.0376364149381
-0.0787189830094
0.0962732281578
0.0904811054472
0.0843819312956
0.0688474439018
0.0435117302053
0.0224612647048
-0.0227112613543
-0.043676021768
-1