6.12
5.92
5.21
3.87
3.76
3.3
6.86
20.17
11.79
5.5
10.63



2.86
5.69
26.69
85.17

0.0100989931048
-0.0767703002062
0.0146618039001
0.291834116562
-0.0975881083376
-0.0677491898783
0.0131136768479
0.038013218477
0.0
-0.188387038514

-0.0852436130113

0.0131136768479
0.225620201949
0.0388630678545

0.129005777875
0.129005777875
-0.0687228586207
6.07994528044
0.0492848180678
-1.49454736473
0.570154899135
-1.66866660085
-1.51792650967
-1.51792650967
-10.8823955391
-4.09002000898
5.95093950256
0.0797209598074
0.114343973975
1