
-10.61
-17.19

-8.99
-15.85
-9.49
11.35
6.51
-4.03
1.78




1.84
-0.09
-7.97

-0.281051040496
-0.213431101296
-0.238604285252
-0.344694375861
0.941236878138
8.75127343665
-0.268552785529
-1.65204445099
-0.959302325581
-0.0558754746882
-0.0150920718015
-0.400250265348
1.34801107026
-0.268552785529
-0.269748698945
0.121756457197

-0.0762662046642
-0.0762662046642
-0.0463355939781
-0.258100949256
-0.146713114816
0.479624495968
0.215852244998
0.315298152934
0.0428552745582
-0.00147917416689
0.205956657782
-0.134749444908
-0.181834744592
0.0704469101523
0.162338080587
1