57.31
25.87
14.06
31.3
18.44
7.68
11.33
15.61
6.41
0.32
12.29
9.98



2.51
0.4
24.53
32.5
-0.0705499856287
-0.0962064251538
0.147956806256
0.0466196778504
-0.21911185564
-0.568802445124
-0.00357736986005
-4.06687031943
23.0714285714
-0.329948358216
-0.468503492467
-0.158358885705
-0.503351336136
-0.00357736986005
0.329095922102
0.51305803621

-0.317638712735
-0.317638712735
-0.350393690128
-0.0618453006633
-0.321495860564
-1.05356701839
-2.37517718042
-1.81466057465
-1.51361445311
-1.48277618842
3.69900636159
-0.327667063622
0.255793412071
0.00385714782896
-0.465595518991
-1