10.96
8.73
3.26
11.57
8.95
3.44
1.66
12.34
7.16
3.97
4.95
5.14
3.56
2.36
1.95
11.21
28.68
18.79


2.38
1.35
0.56
29.72
42.29
179.4
14.300214
860.813034


130.519231
100.458333
439.158921
0.0345399281569
-0.00877511308787
-0.0187357323196
-0.0189362916269
0.100748368327
-0.0407715701145
-0.191250533793
-0.278458430408
-0.0129014751147
0.0991290891424
0.00588235294118
-0.0724461185234
-0.0905152663183
0.010540657079
-1.0
-0.0129014751147
-0.05083051951
-0.0392511368546
-0.143219565077
0.143661552001
0.143661552001
0.152106855324
0.0870642959044
0.0729850396174
0.118028171477
0.0556139404096
0.218008508315
0.353320211819
0.366252658032
0.199233918305
0.120546361557
-0.0565972560963
0.0706765123833
0.162597843628
1