16.3

3.36
10.21

2.1
6.04
33.06
20.04
17.22
6.6
9.26

0.6

5.06
32.36
24.54


2.86
1.36
0.29
20.6
25.95
349.95
38.004005
629.287049


233.157543
138.073431
1131.628838
0.0388349514563
0.424274343575
0.233157019047
0.217456527274
0.190522429059
0.362560308781
0.150631221845
0.235603861473
0.375500036514
1.31344469909
0.333333333333
0.226106356257
0.243732590529
0.462086092715

0.375500036514
0.177347192022
0.117079609088

0.145949730857
0.145949730857
0.0887474120083
0.282381116982
0.234319722268
0.330028189327
0.211747659897
0.623324779013
0.540222932688
0.540222932688
0.591399498901
0.368855072464
0.136431386125
-0.0883699914108
-0.0715067964168
