40.79
12.88
6.95
29.43
10.15
5.02
6.49
16.5
12.81
9.15
8.34
7.25
6.27
1.51
4.53
7.01
22.98
40.28

0.45
1.16
0.64
0.32
17.05
20.55
315.02
30.544828
470.765517


74.882759
44.565517
439.22069
-0.0645161290323
0.0061517102712
-0.0382752936328
0.174941668023
-0.0239454964432
-0.137910565888
1.22569239835
-0.15963060686
0.0578181576587
-0.191210428305
0.0364329869788
0.0807266982622
-0.0342377853149
0.230850571674

0.0578181576587
-0.126638734964
-0.0815645845967
-0.0577684537643
-0.0762683194176
-0.0762683194176
-0.0846382397816
-0.0314649243466
-0.169505539937
0.117994628469
-0.0644329896907
0.215089163237
0.119047619048
0.135798080341
0.0126267117197
0.0414532459797
0.0448033950709
0.0932372205196
-0.251209987441
1