38.35
13.25
7.65
28.28
10.58
5.64
6.75
16.33
11.99
8.18
8.79
9.09
12.24
1.51
4.03
7.08
22.95
39.82

0.34
1.21
0.57
0.36
19.95
24.93
276.4
28.832258
427.193548


75.187097
40.335484
376.832258
0.18320610687
0.308570695407
0.205190800463
0.415949835196
0.33647663952
0.121083377589
1.41158900836
1.48360655738
0.339195230999
0.365596437778
0.110164141414
0.381244372025
0.541030340053
0.236649659864

0.339195230999
0.192902117916
3.52135493373

0.151324940882
0.151324940882
0.153601099382
0.139799683711
0.206796333557
0.080007980846
-0.313953488372
0.229097909791
0.224941724942
0.211319367879
0.198929159802
0.110815726878
-0.0115252571708
-0.055471392675
-0.264624894314
-1