19.88
11.69
8.29
13.8
8.76
5.75
8.74
41.41
14.5
10.86
9.7
6.2
6.96
1.09
5.56
5.66
45.78
21.27

0.44
2.52
1.25
0.92
41.7
71.53
110.77
23.949889
274.11773


120.461662
67.121151
288.861944
-0.118971631206
-0.0590607956242
0.0194755904487
-0.0841211660884
-0.0244332269199
-0.180419785565
0.00481126849727
0.0173786407767
-0.0675486492544
-0.0846750577646
0.0128440366972
0.196934581236
0.148740383165
-0.45063313197
-0.63933427098
-0.0675486492544
0.230510688223
0.628669223427
-0.446227968253
-0.0395303462043
-0.0395303462043
-0.0413312881299
-0.0369701895723
-0.0335167758107
-0.046551046319
-0.0726602564103
-0.0399796713535
-0.0724201086902
-0.154017948613
-0.0956133024822
-0.0302314503337
0.00256015663199
-0.00601357039364
0.0445908198841
-1