8.96
7.48
4.55
7.48
6.54
3.8
6.2
38.88
13.21
8.4
9.99
10.86
17.2
0.92
4.32
4.75
69.2
34.37

0.58
1.59
0.83
1.74
50.75

70.41
14.661075
236.355009


163.630285
72.588695
322.439568
0.00974477958237
0.0039386501775
-0.029022550375
0.118029204331
0.13412512055
0.233644684874
-0.300432011469
-0.228209100821
0.0379196591691
0.0400255289442
0.00892857142857
-0.14585063673
-0.191901178316
0.494357803981
2.64301638831
0.0379196591691
0.189974121662
-0.215790657569
0.171958282116
0.114001903931
0.114001903931
0.0982115564995
0.139768672116
0.090872710696
0.361134304844
0.101291737753
0.485218808194
0.26028484707
0.36606753673
0.16602535726
0.206733288918
0.0257667681858
0.0231291932346
-0.00402730040042
1