19.5
12.73
6.45
12.33
8.09
4.08
3.96
30.39
7.12
3.82
5.81
4.68
4.84


1.24
1.84
33.07
49.41
0.00767994550982
0.00972513076015
0.0224927696053
0.00265026797974
-0.242049666936
0.114936041379
-0.0392439651687
0.0165878482156
-0.0773866499551
0.0235294117647
0.078646111859

0.0674819403038

0.0165878482156
-0.0828453283357
-0.132355353665
-0.426060783049
0.0286122431667
0.0286122431667
0.041240520563
0.00081468881441
0.03481505927
-0.185294651318
3.45416666667
-0.160806616337
-0.0956859222715
-0.119626379321
-0.0421909465586
-0.0992112383582
-0.0277975543523
-0.00620281610331
0.00611947356142
-1