-55.03
-20.98
-18.94
-63.38
-24.6
-21.82
-15.77
30.13
10.39
-14.45
6.68
6.44
5.58
1.51
-7.59
9.22
52.81
29.05

2.1
2.3
1.67
0.76
34.42
52.49
130.68
-41.889067
265.6224


76.115733
46.3352
221.119067
-0.0963855421687
-0.292794499893
-0.122319180753
-0.0593546119807
-0.16120990914
-0.216752254039
0.353195684054
0.421651121502
-0.198398239794
-0.467803028537
0.0
0.391392903706
0.685714285714
-0.257586724835
-1.0
-0.198398239794
-0.211324694188
0.18284356036
-0.423609091354
-0.0200079593042
-0.0200079593042
-0.0269202132308
-0.00359688347558
1.32669687999
-2.30414159901
0.275129709548
-2.56995297657
-3.32497521935
-3.65667608943
-0.303546299639
-0.248862886202
0.0164110758287
-1.3467048393
0.0393466526764
1