3.04
3.41
1.79
1.88
2.59
1.11
2.84
25.52
8.79
4.21
6.33



0.98
2.92
2.36
59.07

1.53650523578
0.788445981314
0.594542967939
1.43061473567
0.0718785458176
0.988289189616
0.989800108834
1.87703345883
0.916030534351
0.474998279599
0.711933823529
0.246725801201
-0.761914148383
0.989800108834

0.865337068659

0.385541879104
0.385541879104
0.337023743043
0.54965696911
0.599569392114
0.338451930495
-0.0583883541484
0.678976109215
0.0534606675199
-1.24653065199
-2.43541497419
0.500187476565
0.164115090006
-0.21402751301
-0.209001088836
1