13.3
11.46
8.28
7.81
7.22
4.86
7.51
24.69
11.07
7.92
7.55
9.91
12.2

0.68
2.75
3.38
62.24

-0.00345836575388
-0.053836637964
0.0770096737396
-0.176115463111
0.117373780882
0.315545396602
0.887661729972
0.0376763460074
0.182749177304
0.0
-0.17784046635
-0.360654689598
-0.0936425463024
0.0508474576271
0.0376763460074

0.207201596132

0.200809364285
0.200809364285
0.210512402804
0.172150580976
0.0174417425518
0.728646882022
-0.436079287143
0.951268682656
1.13188155386
0.386412380672
0.211712484453
0.449101953645
-0.0286587833089
0.183367621734
0.123799690546
1