44.86
18.75
14.21
27.92
12.15
8.85
37.69
65.0
57.76
41.97
39.25
7.4
7.88


0.59
0.64
31.68
46.36
0.173514890182
0.179950417858
0.629598518354

0.723554966497
0.423149106912
-0.240384615385
0.211100611595
0.0754594341828
0.00911161731207
0.296583521319
0.141025641026
0.259819965367
-0.10625
0.211100611595

-0.0535533560904
0.313123139701
0.125610172349
0.0111660657511
0.060870865383
0.163844727383
0.169120646812
0.160969546302
0.0882899628253
0.169836779354
0.179177899447
0.189831670419
0.200660504934
0.175797083126
0.152678661632
-0.157954581061
-0.618432452602
1