9.65
5.64
3.03
7.52
4.92
2.36
12.08
59.93
51.17
25.05
35.53
7.83
5.88
0.27
2.82

47.62
40.41

24.62
0.68
0.68
0.51
31.39
45.76
196.9
279.374486
2312.917695


2894.069959

9218.662551
-0.19801980198
-0.0920595435437
-0.0656664116127
-0.45273958113

0.128489669516
-0.763495580608
21.1291666667
-0.118883740176
-0.150185367787
0.00674157303371
-0.0477749492166
-0.108902632974
-0.416260911271
-1.0
-0.118883740176

-0.319854636942
0.52208017591
-0.249093831373
-0.25076476765
-0.25577913859
-0.244556880265
-0.114338765129
-0.372929591641
1.12317996506
-0.643057315464
-0.608349851132
-0.598646372369
-0.2325125576
-0.185122117074
0.0062078873851
-0.136426002521
0.20197481348
1