4.18
5.28
2.59
2.21
3.68
1.37
1.08
40.72
4.12
1.67
3.03


3.14
2.79
4.64

12.99


2.51
0.34
4.38
62.04

22.83
2.414219
222.802556


57.750631

93.088332
0.00172126297671
0.0488742795389
0.0429953150975
-0.0877375798177
0.0788927744407

-0.541350817434
-0.986110422417
-0.0371882259963
-0.0300231155172
0.00513259195894
-0.110474824417
-0.219607843137
-0.00762600346899

-0.0371882259963

-0.134077815814

0.0524010101827
0.0524010101827
0.0746645658887
0.0215940124923
0.0578744277348
-0.433478538559
0.575022753868
-0.57880536611
-0.634132998103
-0.703777112939
-0.271956298841
-0.202435056611
-0.0308069976904
-0.00547341755207
0.14013859
-1