4.89
6.14
2.63
3.89
5.49
2.09
2.27
25.51
10.22
4.51
7.52


1.39
2.1
90.53
3.46
15.52


0.51
0.43
1.82
53.76

57.05
0.675955
29.733727


13.812
-0.667273
25.691545
-0.0434782608696
0.0105863749289
0.00503527549159
0.558764553687
0.0296380735252
0.0735745988392
0.922079361561
-0.689419087137
0.0418287955674
0.0586304806034
0.0
-0.0326386431791
-0.0416651310213
0.138307475657
-0.0242091192633
0.0418287955674
-0.0458858702717
-0.110921534421

0.0239816412083
0.0239816412083
0.0536535259391
-0.0538062950701
0.11967211779
-0.450535730923
0.285149037193
-0.648373214792
-0.578300774972
-0.578300774972
-0.135338081421
-0.190005937307
-0.0777879362784
-0.0956904765815
-0.534782912479
-1