17.57
13.77
9.36
11.95
10.34
6.37
7.32
28.28
14.08
9.41
9.65




0.35
1.56
53.3

0.161776193293
0.141105441029
-0.536607929515
0.0262733720181
-0.65637384883
-0.880426296065
0.0890300170011
0.155495770376
0.0
0.0209516350108
-0.000947584309042
0.024639956317
-0.265053460889
0.0890300170011
0.49562894609
1.95440775523

0.0961184196268
0.0961184196268
0.0895210442662
0.113214033222
0.161027772147
0.0282436010591
-0.0334887988378
0.0472689570668
0.0953571816897
0.0953571816897
0.125098453559
0.0681286805616
0.0170956135948
-0.06490935252
0.632726349142
-1