16.64
11.5
7.35
11.28
8.68
4.98
6.15
25.2
11.48
7.44
8.21
7.18
6.87


1.21
1.11
44.16
79.08
0.0713269353746
-0.0336657199695
0.210725899796
-0.0809704321456
0.281088150667
0.472277373336
0.0959055075258
-0.146871284618
-0.950151655018
0.523303558075
0.091481971043
0.201633723008
0.079834824501
0.0959055075258
0.850335904454
0.255961006455

0.0716437423656
0.0676047218528
0.0270305520232
0.230243711603
0.0231528188642
1.37982914096
-0.372892347601
4.76195773081
3.87991375021
3.68389463154
0.459326103591
0.460346227181
0.16263898975
0.0444519029885
-0.143121177943
1