13.52
10.95
7.61
10.22
8.77
5.75
11.37
62.64
20.07
14.13
14.53
5.11
8.49
0.79
5.51
4.78
69.22
22.42

8.99
3.92
2.97
1.95
56.31

51.3
33.536558
294.954339


248.070697
100.008535
440.512518
0.0218023255814
0.19424912959
0.0476114826283
-0.0897012472752
0.088947500628
0.0275209022773
-0.187747740172
-0.206861772535
0.0111138174538
0.134861416962
0.0
0.0399212976807
0.000817945561483
-0.311286521548
-0.996509149545
0.0111138174538
0.0451999238838
0.0231684570943
-0.0711198971897
0.0759740711259
0.0759740711259
0.0659254468647
0.0820576346981
0.0973773128121
0.0325817715435
-0.0981015647137
0.0702686998089
-0.0476743253002
-0.0391773141409
0.0228554940765
0.0591663718571
0.00608356357222
-0.0214032416862
0.165675318401
-1