10.15
7.45
3.32
7.52
6.38
2.46
9.19
100.0
21.89
8.19
20.5
8.15
3.83


0.97
0.68
32.7
48.59
0.0435796953622
0.0685257348578
-0.218436723355
0.0449157353352
-0.299390906174
-0.329928601528
-0.0184003084125
0.0326509515143
0.00780846002689
0.476277331548
1.02674902045
-0.485624241728
15.9610202117
-0.0184003084125
-0.0968217544687
-0.955986876872
0.0301201357292
0.191811411925
0.191811411925

0.191811411925
0.158556625712
0.757145158115
-1.08692802365
-2.3522939385
-2.48488575437
-0.22387704606
-0.191799424579
0.0294246867669
0.0
0.0332547862129
0.41024813528
-1