11.27
7.73
4.09
7.84
6.24
2.84
18.62
100.0
45.26
28.88
29.32




1.69
0.77
36.25
56.87
-0.0710054711677
-0.0730396714626
0.161880973515
0.970709433122
-0.0636852318792
-0.62661279586
-0.0163261685921
0.0366581331094
-0.0204232465325
-0.0978607781773
-0.155307274149
0.153749316954
-0.0845461237896
-0.0163261685921
0.715701301016
0.173921058561

-0.632402395961
-0.594930967906

-0.632402395961
-0.705443485229
-0.0558201310566
0.107724365187
-0.126867007
-0.0870067928891
-0.0543271438882
-0.466145471487
-0.369860659298
-0.0374714280541
0.110512517322
-0.756811941422
-1