13.08

2.85
13.02

2.83
44.38
62.73
40.76
39.64
45.28


0.06


34.02



2.15
2.15
0.28
21.75
27.8
352.32
1583.0
3567.035714
14.65
522.428571


55630.071429
0.166666666667
0.808321901379

0.164403797276

1.34226855299
0.0514236739358
0.0159053004109
0.774552671213
0.0706262618603
0.0132450331126
1.19502979512
1.19778287251
0.435300207039

0.774552671213

-3.49101064758e-05

0.966392345251
0.970557892231
1.71269309239
0.690083090536
1.38718028373
0.444493086717
-1.80343187224
1.05918699187
1.00723516564
1.00723516564
0.959828393136
0.427834870752
-0.280474801694
-0.416622391501
0.806154094955
1