

-4.5


-4.5

21.93
-74.38



0.93
0.04








-0.09
-9.98



5475.586207
0.09
4.758621



0.0357142857143
-0.39985839184

71.2954391237

587.2844074
1.46053102215
-0.125384560349
1.12775768278
1.43065727949
0.0
1.15735937428
1.37887470842
0.0507680031917

1.12775768278

94.1617901274
1.38421640967
0.302321003855
0.302321003855
0.554336513987
-0.174218175783
-0.631380543657
-0.665266591332
-2.34957173448
-0.676253114344
-0.675997868419
-0.678466721486
-0.756810104893
-0.741651463646
-0.476539179638
0.933701547512
-70.9931181198
1