
13.89
6.26

12.05
4.75
6.21
38.25
16.9
12.6
9.02
8.65
8.43
1.23
2.49
6.23
55.01
23.3

1.74
2.71
1.81
-0.02
-1.39


9.763226
157.214839



39.069355
155.989032
-0.138888888889
-0.0343681404829
-0.0440838754395
-0.0300534829329
-0.134249518283
-0.0142942227516
0.0743644148551
-0.0549978549979
-0.032256386036
-0.845128676471
0.00420168067227
-0.0562248901848
-0.0432208326662
-0.247997049186
-0.843250680091
-0.032256386036
-0.115903732307
0.168463738221
-0.00815941809068
-0.13825485318
-0.13825485318
-0.157118009361
-0.105958010032
0.0207217504899
-0.286277107594
0.218536051015
-0.499611473919
-0.40579984837
-0.404310992513
-0.27467648224
-0.237598467107
0.0322968431478
-0.15897660367
-0.108201370247
1