
24.78
10.78

23.62
9.88
9.52
38.72
20.36
17.27
11.82
9.65
10.83

1.35
2.19
-0.24
-24.46

-0.0647543386107
-0.018446295968
-0.0437942675581
-0.0872598916434
0.175164439231
1.13619850043
-0.054319935324
-0.27479044267
0.00425531914894
-0.100928417986
-0.138118180495
-0.136129590615
-0.364406779661
-0.054319935324
-0.082509094628
0.0503324005917

0.0180962305959
0.0180962305959
0.0498799914254
-0.0284609761873
0.0184337185058
-0.0809905269132
0.0038757632068
-0.140238704177
-0.629934024078
-0.600937954322
-0.51916126178
-0.0529233293898
-0.0465572067832
-0.000337487909925
0.061890498154
1