
25.16
11.69

23.51
10.4
9.34
37.36
19.08
15.65
11.73
8.35
19.95

1.26
2.44
-0.14
-13.14

-0.0909558668756
-0.0996939748156
0.00428279359981
-0.0971310369638
0.41743315508
1.08383991895
-0.0430161731705
-0.485749019384
0.0021186440678
-0.137007996558
-0.153465474061
-0.099150972991
-0.172
-0.0430161731705
-0.137795683087
0.0910047343503
-0.142409117109
0.0575207079472
0.0575207079472
0.0809353421008
0.0204570381006
0.0704869415479
-0.0416473689836
-0.139861434314
0.0384126231381
-0.0153775463318
0.00730973534527
0.0502395666968
-0.00930841686395
-0.0370636698465
-0.0129662336007
0.0532379143474
-1