19.11
11.84
7.68
14.57
9.32
5.86
7.32
25.84
14.44
8.49
11.53


1.45
9.82
12.93
46.85
37.73

3.75
1.04
0.75
1.24
40.21
67.24
88.92
18.057471
246.770115


94.494253
25.333333
235.022989
0.2
0.189791429037
0.188077673196
0.0878711719259
0.48612354521
0.261399548533
-0.318705565089
-0.524278933917
0.158765690969
0.0716986051362
0.0
-0.00601006686199
-0.224295774648
0.690418800844

0.158765690969
0.598259608412
-0.886479902558

0.217995631577
0.217995631577
0.164649087518
0.402402022756
0.543514297555
0.181582360571
-252.0
0.0181464679196
0.139401934916
0.0975721484196
0.382188721385
0.382779388802
0.184406391179
-0.325518665977
0.130124459652
-1