32.07
20.74
12.85
23.04
15.41
9.23
10.77
23.8
14.78
10.8
11.71
7.57
9.88

3.42
1.12
1.43
40.08
66.88
0.0931876055048
0.078892778426
0.0378173697752
0.0550394797956
-0.159472731972
-0.200711269171
0.0726552655266
0.0572478526521
0.0
-0.125413581219
-0.285768609183
0.368526897939

0.0726552655266
0.189220404235
-0.651887357699
-0.111451533644
0.258615199547
0.258615199547
0.258835276088
0.257911157332
0.0883633368632
0.548257102559
-0.864130434783
0.60263653484
0.440181726401
0.457604663487
0.321751546882
0.403363587827
-0.000704042215378
0.170251862684
0.220797829772
-1