21.16
13.13
8.6
16.71
10.72
6.79
8.45
23.82
13.25
8.78
11.15
11.96
15.27

3.27
1.48
1.19
40.66
68.52
0.0722481286047
0.0350936053144
0.327426214718
0.370028635062
0.357505553792
0.274164333937
0.258813654169
0.15454961134
0.0335423054043
0.0
0.205202860941
0.3604500776
0.330816287517

0.15454961134
0.379081497213
0.320411392405
1.05414325895
0.426826190116
0.426826190116
0.371484984555
0.638310819034
0.179433805162
3.90900098912
-0.778846153846
25.6983240223
9.88461538462
12.9777777778
1.18930184092
1.06961325967
0.211484628918
0.247392384953
0.0993999753972
1