31.4

20.68
17.97

11.84
13.1
55.56
17.38
13.08
11.8
5.79
7.21
2.19

16.24
15.49
21.91


1.53
1.19
10.83
65.85

9.24
69.701282
532.119231


221.99359
23.280769
337.097436
0.00645161290323
-0.00660689316978
-0.00607760951866
0.641589450141
0.125506429452
-0.0111314171789
1.47840791769
5.11428256557
0.196485208662
0.236574113749
0.0
0.262231691919

0.100347465589

0.196485208662
-0.116866063612
20.8386199221
0.506951570056
0.0417996987952
0.0417996987952
-0.0883680238047
0.176100404412
-0.031193517374
2.85940833452
-0.946006749156
2.43226010101
2.84742828882
2.84742828882
1.2033387329
1.55762820058
0.134300705617
0.0729932161692
-0.599789751346
1