17.44
12.46
10.08
12.61
9.07
7.29
10.48
54.46
14.06
11.05
10.59


1.17
60.24
12.68
56.49
22.58

3.43
2.06
1.64
2.36
57.79

42.36
18.032564
172.107436


103.414103
29.782051
178.948718
0.181818181818
0.887707904865
0.0866355376073
0.187472403873
0.447626080298
0.31386442454
-0.012099846593
-0.0282567553359
0.552548390613
0.189856650175
1.05982905983
7.85927693345
263.117957746
0.356138870934
-0.965554359526
0.552548390613
0.316057831762
0.0631912042493

0.209695674271
0.209695674271
0.190193986496
0.226500114077
0.136879355146
0.77684603958
-0.586879241624
1.1669080265
1.37492997199
1.39404207257
0.821143003588
0.585508074409
0.0168044398062
0.0728163191251
0.0222232703984
1