-0.04
3.31
-0.01
1.7
3.95
0.6
-0.11
61.34
55.51
21.18
39.23
10.6
2.91
0.13
0.81

63.69



0.64
0.64
0.57
35.2
54.33
174.04
-1.373444
1205.253112


3463.76971

9839.458506
-0.142348754448
-0.0924808509372
-0.0999711182808
0.00892629190109

0.0261594528481
-0.299285714286
-0.299285714286
-0.0904240598424
-0.0444373981571
0.013143483023
-0.11478420933
-0.115923119515
-0.0925225440042

-0.0904240598424

-0.228720500679
-0.265496877553
-0.0394817554575
-0.0264154980886
-0.0257572537163
-0.0479354697361
-0.0573570115361
-0.0295451498158
0.0532029015121
-1.07093110468
-1.07093110468
-0.354954219926
-0.135650815202
-0.0688683440068
-0.0215199716475
0.0309415134475
-0.0353417899896
-1