4.88
4.76
1.58
12.54
7.29
4.06
14.52
70.61
64.3
41.37
60.21
15.86
8.56
0.11
1.47





0.4
0.4
0.5
32.38
47.9
202.05
59.686003
410.968474


1222.199243

3773.952081
-0.0257985257985
0.01586864607
0.0168582968008
-0.218780135005


-0.218780135005
0.111047180667
0.0132323964166
0.0498401199317
0.00172413793103
-0.00456580848919
-0.00869217678036
0.0324809842339

0.0132323964166

0.309919142848
-0.162704598505
0.0128258917056
0.0128258917056
0.00416286556146
0.0164749739404
0.0537716446626
-0.00833296559434
0.0442638406549
-0.0928066241159
-0.0928066241159
0.17265242696
0.103644166465
-0.00282655246253
0.0036490822348
-0.040945752957
0.23160602671
-1