12.19
7.33
4.05
12.24
7.35
4.06
2.41
15.69
10.08
5.09
7.41
7.03
6.13
2.14
5.0
96.81
5.34
13.35


1.26
1.18
0.73
33.19
49.69
136.85








-0.182756423209
-0.18430557326
0.160717770814
-0.0433049721571
-0.0716388803916
0.213307198202
0.720875827028
-0.111336715422
0.0871046179647
0.0
-0.175211373317
-0.193163517464
-0.205613259836
-0.0800810947795
-0.111336715422
-0.51714892881
-2.56511913674
-0.160144403518
-0.151404030282
-0.151404030282
-0.153444979346
-0.140263628912
-0.241528727524
0.191068965764
-0.0422691879867
0.634605418627
0.581704936728
0.530605931712
0.174526178201
0.11990216499
0.0111404013697
0.0901246972418
-0.312121801096
