104.95
18.47
12.37
85.65
15.25
10.1
7.1
24.68
11.56
7.7
9.66
3.19
2.88


1.56
0.2
11.79
13.36
-0.364974815963
-0.522532188841
-0.0157266170037

-0.0837568611506
0.0788581119276
0.27749490835
-0.241615503487
-0.79546975055
-0.0557851239669
0.506425646095
0.939461883408
-0.163775589936
-0.236363636364
-0.241615503487

0.444606413994
-0.584804486156
0.156841951291
0.156841951291
0.142884550818
0.201631522241
0.119166666667
0.434885091338
1.1
0.397635345364
0.695652173913
0.335032774945
0.23574605742
0.307829817662
0.0447895709502
0.0376752846242
0.172568568295
1