32.91
11.57
7.48
11.06
4.5
2.52
5.71
28.13
14.75
6.24
10.43
3.31
5.3


1.3
0.48
22.73
29.43
0.170967470791
0.271883530482
0.271409940588

0.342095238095
0.27972027972
0.207841259708
-0.0349598055711
-0.0313152400835
0.307664322096
0.878699941962
0.299250432443
0.801242236025
0.207841259708

0.186101295642
0.193767890675
-0.050653907496
-0.050653907496
-0.108527131783
0.138118542686
0.197390185628
-0.0302872062663
-0.373015873016
0.0216476247745
-0.572119613017
-0.714785214785
-0.0745600954369
0.343845682792
0.188772450182
-0.248044093124
-0.322063848084
1