31.09
13.06
8.85
37.43
15.56
10.65
5.3
23.46
10.42
6.11
10.7
3.73
5.97


1.33
0.65
28.45
39.77
0.209782387635
0.0290262172285
-0.170951465642

-0.312287136495
-0.430051813472
0.035246172486
1.49953271028
0.0481400437637
-0.226961657448
-0.00404624277457
-0.0276583816109
0.916666666667
0.035246172486

-0.428859737639
0.0423488462146
-0.00900900900901
-0.00900900900901
0.00696659392312
-0.0577686691431
0.0128443782576
-0.213552361396
0.333333333333
-0.259572573464
0.325174825175
0.0921985815603
0.0971858638743
-0.107162383816
-0.0487596601341
-0.0218533872666
0.161942456633
-1