14.93
9.04
6.4
10.46
6.8
4.49
10.93
23.08
17.56
11.52
13.7




2.67
1.0
42.88
75.08
0.0331363964439
0.0399654404633
0.226106261182
0.0573594944128
0.0932683118092
0.624425172063
0.709170275097
0.0981517498577
0.146623344001
0.0309734513274
-0.00997059235401
0.0181190441109
0.38195477155
0.451890423364
0.0981517498577
0.0534659141018
0.148737117667

0.0918069824846
0.0918069824846
0.0897888101563
0.0985856787612
0.0457364549213
0.157291977334
-2.12792335869
0.0424308515912
0.0109945905833
0.034821876568
0.0322822486796
0.109734247629
0.00677869627653
0.0460705275633
-0.134299278697
1