-47.86
-27.49
-18.38
-33.81
-18.61
-12.99
-8.29
41.17
3.74
-5.22
3.11
4.39
5.78


1.7
1.72
38.41
62.37
-0.255402088231
0.109091037164
0.0696735143009
0.0695920419021
0.552495798916
0.453152957308
-0.0671097004021
-0.294450004207
0.011961722488
-0.0318855356458
0.0
0.323218663113
6.5
-0.0671097004021
0.0482260647826
-0.161627774342
-0.569879821776
-0.0354026362881
-0.0354026362881
-0.0194671125943
-0.0572979487298
0.202613158272
-2.02376582306
1.16518286441
-3.2503460125
-3.23463011155
-3.22966347039
-0.358976681005
-0.488858364774
-0.0218953124417
-0.23801579456
-0.105076150589
1