33.15
24.21
16.56
20.64
15.38
10.31
31.99
100.0
37.9
33.09
24.72




1.5
2.4
49.97
99.86
0.368844847843
0.0321644647487
0.550315965352

0.175377713538
0.815164781183
2.33756194598
0.443103571734
0.253576555865
0.00875145857643
2.92262793539
4.5237064247
0.210914180342
-0.136796490477
0.443103571734

2.48866369921

0.174023664344
0.172424389307

0.174023664344
0.166862568543
0.188772167501
0.974613686534
0.172635169592
0.167881292942
0.167881292942
0.175771168058
0.191380072797
0.00159927503674
0.00556182076385
-0.377891576045
1