35.77
26.73
20.49
20.47
15.65
11.73
28.75
69.44
31.12
28.96
18.62
7.96
14.22
0.9
31.28
3.8
59.81
16.48


2.83
1.93
2.62
57.3

38.13
149.066667
518.4


416.8
198.666667
727.466667
-0.385245901639
-0.161169415292
0.0167464114833
0.223574144487
0.0872340425532
0.0912162162162
0.411657559199
1.15254237288
0.0298225745564
0.193129770992
0.0
-0.149786019971
0.0
-0.108150470219

0.0298225745564
0.0844250363901
0.536189069424

0.0933633295838
0.0933633295838
0.0259067357513
0.125938281902
0.0437665782493
0.265168539326
-1.06779661017
0.109126984127
0.165191740413
0.038961038961
0.031339031339
0.239754098361
0.0325749523178
0.0495967513345
-0.130210814903
1