33.27
19.08
15.19
23.41
13.75
10.69
21.8
65.04
25.54
23.01
17.87


0.82
17.32
2.97
75.65
20.0


2.94
1.43
1.18
45.66
84.04
84.98
56.40625
258.75


169.53125
127.03125
371.25
-0.044776119403
0.0811036789298
0.0177865612648
0.0140449438202
-0.0478632478632
0.0707692307692
0.126582278481
-0.0555555555556
0.0494699646643
0.291666666667
0.9
0.0525114155251
0.00158982511924
-0.326642335766
-1.0
0.0494699646643
-0.00367647058824
0.373076923077

-0.196116504854
-0.196116504854
-0.296476306197
-0.129345189976
-0.189755529686
0.00793650793651
3.0
-0.0321715817694
-0.0122448979592
0.0367346938776
-0.0133333333333
-0.0230946882217
0.0667713148786
-0.00636097516869
-0.210161448675
1