24.55
16.26
10.51
19.48
13.23
8.34
8.67
26.36
11.15
8.36
9.66


1.69
8.81
6.86
30.28
27.72

2.2
1.71
1.09
1.48
42.82
74.88
67.59
18.335849
211.581132


74.671698
32.332075
174.396226
0.03515625
0.061752013169
0.0877453217709
0.0649449659313
0.038256227758
0.0181347150259
0.115235065394
0.203281312525
0.0632937603534
0.155638614729
0.0
-0.031007751938
-0.00645249862713
0.0409953740628

0.0632937603534
-0.00614777867997
0.100485264528

0.108499238845
0.108499238845
0.129376367615
0.0540617644961
0.00188623051722
0.187183383992
-1.8
0.301634074471
0.406747536012
0.428465530022
0.279404818139
0.139679066375
-0.0544374743485
0.106613008327
0.0435542729133
-1