-86.61
-26.0
-19.61
-107.97
-33.02
-24.45
-13.43
22.18
5.39
-9.22

3.08


2.6
1.74
0.49
22.64
29.27
-0.339492737529
-0.128419452888
-0.178498793927
-0.104775559722
-0.243702770781
-0.0419432709716
-0.261521898479
-0.614401183369
0.0
0.268848278793
0.00151223535881
-0.227588335133
0.625
-0.261521898479
-0.0831253599539
-0.100721183229
-0.586870241044
-0.169717167443
-0.169717167443
-0.154431957169
-0.219224157261
0.22374844849
-4.35625965997
4.39237057221
-7.81984897519
-10.9007537688
-8.06182795699
-1.27869310249
-0.324288374568
-0.0495069898189
-0.393465615932
0.00878162648455
1