4.9
4.72
2.12
5.9
5.34
2.56
1.64
23.59
6.63
2.28
6.31
5.04
4.77

2.37
1.63
1.61
43.36
76.55
-0.0508453138834
0.0373435806483
0.0172729022325
0.0519781877248
-0.122894228114
-0.147852918488
-0.0190324247804
0.011272571856
0.0
-0.0846494981716
0.00234256579854
0.00231982678627

-0.0190324247804
0.150397526502
0.0419001528273
-0.419869605274
0.00109443954104
0.00109443954104
0.0161570209174
-0.0447665286306
0.159455051329
-0.638850125593
-0.244855967078
-0.700678075557
-0.697568389058
-0.166542195668
0.188911022576
-0.284817351598
-0.0458609681716
-0.158360611788
-0.0161784626914
-1