20.38

16.73
12.98

10.66
14.41
39.78
16.93
13.46
12.65


1.31

6.89
1.44
9.68


5.79
4.3
12.39
82.09

8.07
57.885666
401.823379


284.068259
49.105802
346.026451
0.120458891013
0.0107854698151
-0.00430258751177
0.220225102005
0.117306560272
-0.473640167364
0.277845215052
0.319106627036
0.13845579442
0.133005496095
0.0093023255814
0.0374387278552

0.254140616431

0.13845579442
0.138876795821
0.213379603494

0.113800198666
0.113800198666
0.0740660788947
0.179880583478
0.120096865428
0.317423029749
-0.0465017064846
0.285105415696
0.283559488108
0.283559488108
0.200402941473
0.244555800122
0.0660803848121
-0.00629666676144
-0.106424903339
1