35.12

26.36
22.24

16.7
19.17
44.35
20.97
17.68
15.43
8.43
10.43


3.39
9.64
75.07

0.454436340135
0.0907598674043
0.0982050657779
0.104301197622
0.105617730696
0.103846890205
0.223952873182
0.180514119622
0.0136054421769
0.08360595025

0.569347070658

0.223952873182
-0.0736905599678
-0.0244528269944
0.305336043574
0.169436720156
0.169436720156
0.137038135733
0.212798433061
0.119407028165
0.38731476443
0.0167183348096
0.349300989177
0.350303269569
0.350303269569
0.27344998402
0.321370857091
0.0433617129049
0.0500296919906
0.0712316543782
1