
15.46
3.63

16.05
4.07
5.21
56.88
33.56
19.2
20.2
9.39
5.85
0.92
1.67

18.66
27.23


0.76
0.76
-0.48
-71.01


17.7261
340.587441




488.868232
-0.113706327877
-0.0102360321527
0.130485431539
-0.269318774803
-1.0
-0.357749890711
-0.168634819222
0.44302279508
-0.0720654518284
0.221290333217
0.0158295281583
0.045363858651
0.0205499665719
-0.0483282323854
0.202864770472
-0.0720654518284

33.8311932773
0.120997526478
0.0470334778852
0.0470334778852
0.0447246415577
0.0487905631662
0.0169322482901
0.117504336675
0.0487693621647
0.356556080149
0.677668131016
0.263947445828
0.0530996674573
0.0572510908612
0.00175708528099
0.0301012295951
0.316352252688
-1