
12.54
2.48

13.21
2.99
4.02
56.78
33.23
17.99
20.09
8.86
4.81


0.99
-0.42
-53.96

-0.0331004490893
-0.143711700608
0.226794357214
0.0347412526943
-0.175467633155
0.47615270366
-0.243906068338
0.0183862491378
-0.0395000662259
0.0198696057125
-0.00288381154601
-0.0395236285114
-0.00156768651837
-0.237758853856
0.0183862491378
-0.850874207683
-0.96619779121
0.126321573689
0.0764988827359
0.0764988827359
0.0662045369392
0.0844673427619
-0.115154288966
1.11227343201
-0.0570222151549
-1.6376523447
-1.48039352606
-2.25215728918
0.0724627320171
0.0682587832272
0.007968460026
0.191653171702
-0.150295474478
1