
7.51
-2.23

11.76
0.91
-4.31
55.63
30.37
9.33
22.8




0.84
-0.26
-25.31

-0.146162221103
-0.0363088573611
-0.0924398678813
0.00692564435379
-0.155752424405
-0.0719041115537
-0.134925803453
-0.0581294498773
0.00645994832041
-0.180305922394
-0.136463723599
0.213405433774
0.39233407519
-0.134925803453
0.338638285174
-2.72705732289

0.120122485037
0.120122485037
0.0522215398744
0.180899338211
0.065016207096
1.56801018473
-0.220658997698
-0.689064268913
-0.724037180849
-1.13155704807
1.5713274297
0.174390174301
0.0607768531743
0.0551062779405
0.212562352918
-1