

-3.96


-2.43
-6.78
56.37
33.49
9.17
20.16
8.4
2.73


0.81
-0.43
-57.21

0.0173125986136
0.000125856696743
0.0656898778699
0.181237138179
0.0269674809689
-0.0947028479467
0.0265443855459
0.0527970361596
0.0100344935717
0.0474805786658
0.0463948027258
-0.0223721666416
-0.156501775709
0.0265443855459
0.228108785873
-0.275324371635
-0.0776245467521
0.126994597589
0.126994597589
0.133750696329
0.121819992128
0.223809891
-0.215010084945
0.23035184961
4.27886267771
2.38741343286
-2.0454314174
-0.0731880174352
0.137116693068
-0.00517460546136
-0.0968152934114
0.0613047197191
1