-8.73
-3.14
-3.7
-6.97
-2.23
-2.95
-4.7
18.12
5.6
-2.23
4.08
15.79
3.79
0.96
-1.57
5.89
77.19
45.94

3.13
2.52
1.76
1.06
42.38
73.54
94.36
-25.063291
533.670886


287.088608
136.962025
677.468354
-0.0813953488372
0.0179310344828
-0.0646950092421
-0.147727272727
-0.315487571702
-0.300309597523
0.63179916318
1.34615384615
-0.0636808957313
-0.0920736589271
0.0
0.0565476190476
0.0631399317406
-0.206322795341
-0.871794871795
-0.0636808957313
-0.367251461988
-0.104089219331
-0.299763815035
-0.339392040113
-0.339392040113
-0.321540880503
-0.409582689335
-0.108108108108
-1.28313253012
-0.037037037037
-1.88392857143
-1.79591836735
-1.95180722892
-0.650406504065
-0.641337386018
-0.0701906492226
-0.231283932005
-0.191664767386
1