-13.54
-1.65
-3.73
-23.69
-4.79
-6.53
-18.53

75.03
-6.89
49.5
4.15
2.07


1.79
0.45
27.58
38.08
0.0849475416379
0.279552728799
0.515890544284

1.20302280846
2.38373058224
0.149064742592
-0.13235428676
0.0
0.464344281227
0.532994579946
-0.174009896471
144.612903226
0.149064742592

-27.7020164302
-0.189337522968
0.281677765446
0.346263604338

0.284406215316
2.44862708648
-1.14660315997
0.0739960062126
-1.51290075573
-2.41507849005
-3.00096510765
0.723545915163
0.261331931584
-0.0618573890213
-2.10236348214
-0.169626939946
1