17.68
8.06
5.18
15.8
7.33
4.63
40.77
100.0
76.54
48.06
64.91
10.02
8.28
0.17
7.09

186.56
11.14


0.44
0.44
0.64
29.28
41.4
172.01
356.820225
875.269663


2017.966292

6892.719101
0.0722891566265
0.753440573665
0.779074305729
0.0831821265719

0.20995054698
-0.0577397214633
-0.00683135523047
0.63988205826
0.391183442036
0.0
0.354217707496
0.301082224297
3.00928454397
5.33817472361
0.63988205826

-4.43027920411
0.811577487216
0.193598308409
0.207840367296

0.193598308409
-0.0531464276521
0.661518661519
0.123368920522
0.817281831187
1.08040719976
1.09375922101
0.563218746136
0.442782819117
-0.0142420588876
0.260986794949
0.124658240725
1