14.95

10.2
10.4

7.09
10.41
32.72
15.01
10.51
11.75
11.12
16.79

1.47
2.4
6.3
68.2

0.198392261944
0.255387135104
0.0216616185379
0.163777251138
0.0867583780232
-0.249312509046
-0.600670746058
0.10253348034
0.099581880314
0.00677966101695
0.120935891437
-0.703574307982
0.102810580562
0.052763034655
0.10253348034

-0.0294833227465
0.0688342172126
0.122591693429
0.122591693429
0.149763622478
0.0705605076296
0.122094596486
-0.0241664379802
-0.951470305593
0.177293415174
0.129138119638
0.125509325681
0.117190517998
0.0110815382319
-0.052031185799
0.000497096942518
0.100930074891
-1