16.58
14.93
10.85
12.49
11.7
8.17
10.49
33.3
16.31
12.16
12.05
12.61
32.47

1.03
3.06
3.7
65.4

0.178036374651
0.165365076958
0.0575185314059
0.15311269685
0.12106415514
-0.167197640118
-0.447267687434
0.112374332165
0.470412019809
0.325581395349
0.219330126492
-1.0
-0.452709980712
-0.87356616059
0.112374332165

0.931490195518
0.193355420528
0.139967646757
0.139967646757
0.102129873132
0.224126057133
0.0276998554896
0.833220364513
-0.193509470382
1.29911862922
1.40843373494
1.35522299159
0.56952263187
0.488576249544
0.0841584103761
0.112267791268
0.0824491153514
1