15.88
6.95
4.74
9.1
4.79
2.71
14.73
93.6
27.57
18.61
17.4




0.83
0.47
29.83
42.52
0.0828244274809
0.0802361864896
-0.258108050516
0.322999050933
0.0122266338942
-0.377377591745
-0.493464399575
0.057370555113
0.0217672117631
0.0
0.0705444857634
-0.0024706991096
0.101604558484
0.03
0.057370555113
21.1436541144
-1.81943706851

0.0163546885447
0.0163546885447
-0.0577955139672
0.0218575328663
0.0197472755799
0.0304473902237
-0.158729087965
0.095495453702
0.0459120946673
0.0461835748792
0.0733232029852
0.0521237358715
0.00550284432155
-0.00339258703512
0.274462739061
-1