-17.7
-15.85
-12.41
-35.75
-32.31
-25.07
-10.18
41.94
-1.13
-6.22


35.53
1.58
-34.09
3.8
46.97
15.84

3.87
2.5
1.11
10.33
70.13

9.68
-42.981429
422.15619


242.83619
147.490952
346.24381
0.0
-0.0737323305736
-0.0960949375391
-0.22879044524
-0.13224940523
-0.20028622194
-0.459090386605
-0.218374725215
-0.169974840527
-0.254741204822
0.0
1.97798419688

-0.0421428816094

-0.169974840527
-0.164505983017
-0.317497958287
-0.32035378591
-0.0838397116331
-0.0838397116331
-0.0613347581257
-0.113274914614
-0.00956481595327
3.67947739035
0.47650893796
1.53813058883
8.13741757073
5.22167622168
-8.14625885786
-1.2720858645
-0.0294352029808
-0.0742748956798
0.144950733607
1