-1.9
6.36
-0.4
0.23
6.97
0.05
-0.84
26.07
13.68
6.94
6.84
8.87
6.32


1.34
0.41
21.07
26.7
-0.055710107711
-0.0312398307842
0.490757304711
0.429824561404
-0.230072463768
0.701285077367
-0.134725848564
0.0886089238845
-1.93938091144
0.0
-0.45137258904
-0.0191031570481
0.368421052632
-0.581286549708
0.0886089238845
-0.237847222222
1.03236245955

0.234253450439
0.234253450439
0.28163553049
0.117160278746
0.19872611465
-0.0592286501377
-1.53905700211
-1.03865859339
-1.01002599332
-0.996286669142
-0.790277344967
0.0837359098229
-0.117093171694
0.0355273357895
-0.256503854272
1