7.93
5.89
3.0
13.43
8.06
5.08
24.5
57.49
53.58
26.98
68.1
21.61
18.0
0.13
1.25

21.93



0.18
0.18
0.65
37.82
60.82
153.18
71.605208
292.202604
1.8
5.26875
903.310417

2388.567708
-0.0597453476983
0.0221706914362
0.046643834476
-0.0127874369041

0.00252317803075
-0.343908629442
-0.343908629442
0.0218929145445
0.265119413992
0.0690789473684
-0.097288921736
-0.11473777397
0.121353558926

0.0218929145445

0.155938428614

0.113018067258
0.113018067258
0.099887471522
0.122930643707
0.156109621243
0.0876427904303
-2.21873630707
-0.0871109753587
-0.0871109753587
0.169574957556
0.0630390989327
0.00365609348915
0.00991257644916
-0.0430915539856
0.125805504162
-1