0.54
3.05
0.19
1.38
3.36
0.49
1.6
55.71
51.73
23.08
32.74
20.76
16.55
0.12
1.01

20.21



1.43
1.43
0.59
35.88
55.97
170.29
5.204
324.612571
2.04
6.617714
963.668

2685.564
0.0
-0.00232134526217
0.00978140644674
1.01928830734

-0.116775587062
1.65875366295
1.65875366295
0.0199084244593
0.101938629558
0.0701298701299
-0.024604328862
-0.0234058446617
0.0612748406449

0.0199084244593

-2.84236140499
0.155343588898
-0.05737345847
-0.05737345847
-0.0372693148033
-0.072767332636
-0.33253869367
1.06122962288
-0.0703695238095
-1.13464523855
-1.10970205819
-1.45700787402
-0.0868265090175
-0.0760551070198
-0.0153938741661
0.2751652352
-1.07666176581
1