10.99
6.15
3.36
14.52
7.28
4.44
29.88
56.98
59.42
27.61
71.3




0.2
0.47
30.55
43.98
0.715177343107
0.727675372131
0.0602681889811

0.0861695347355
-0.300488237905
-0.300488237905
0.706800199592
0.856296757683
0.251028806584
0.649694689395
0.670313783577
0.626991994613

0.706800199592

0.887045501057

0.316031184076
0.316031184076
0.263064081131
0.359056131502
0.434244690746
0.287282547375
-1.16721618968
2.77578599007
2.77578599007
3.81570353886
1.64123876506
0.476409490429
0.043024947426
-0.11821350667
0.255762995095
1