9.65
8.46
5.7
12.31
10.4
7.28
6.78
40.92
12.4
8.0
13.06



3.42
2.72
2.64
59.11

0.514285714286
0.0249988718921
0.192685289843
0.254357541899
0.251878415301
0.0718237406581
0.0495945469503
0.332911392405
0.232666495683
0.570981210856
0.53357387189
0.239436619718
0.483458194346
0.0
0.332911392405
0.221835760184
0.0708475586005

-0.0480902388265
-0.0480902388265
-0.0514309577564
-0.0432262967889
0.0363785208115
-0.273022671885
0.128959276018
-0.316659844454
-0.383438685209
0.346902654867
0.301717155354
-0.151081938032
0.00486394203762
-0.084468759638
-0.24077552867
1