8.21
7.69
4.96
5.1
5.51
3.08
5.55
42.12
14.19
7.21
10.43
5.46
8.26
1.04
3.88
7.84
43.77
14.04

1.61
2.17
1.36
2.36
60.43

47.16
16.52864
297.582339


201.326969
62.523866
333.162291
-0.00593119810202
0.0411308441211
-0.0170308733183
0.10204480588
0.164055636896
-0.0041063039979
0.183078545071
0.154981084489
0.0588574397639
0.0879731734056
0.0227670753065
-0.0147872779843
-0.0137254901961
0.0820383086375
0.333333333333
0.0588574397639
0.0885915522221
0.119700686948
-0.293585450147
0.138465331166
0.138465331166
0.154615919944
0.116993331986
0.127901855115
0.0669873507928
0.503836317136
-0.0177988937739
0.0726801579467
0.0191806772437
0.108629874281
0.11033335426
-0.0214719991801
0.0105634760518
0.0364205252861
1