-0.6
4.59
-0.1
-5.37
3.79
-0.88
-1.13

83.93
52.9
20.85
12.37
3.94
0.09
0.99

24.64
2.26


3.89
3.89
0.2
16.45
19.68
500.84
-98.526316
8693.947368
1.28
111.473684



-0.05
-0.0861271815858
-0.0723256876749
0.524692110718

0.127693535515
0.608678217926
3.56760279654
-0.0689847349702
-0.0320417333688
0.00125985174768
-0.0779812820002
-0.074453926393
0.0938319572608

-0.0689847349702

0.765651736969
-0.00536278063126
-0.0220647437719
-0.00114260349193
-0.229224698236
-0.0321188770222
-0.0107539478
-0.0519074692939
-0.237520823544
-0.924792093528
-0.916716885621
-0.353621962473
0.269871700339
-0.0458443453364
-0.0309762735303
0.00961134430808
-0.52583471421
-1