14.01
9.47
7.42
10.76
7.37
5.7
7.43
23.76
10.65
7.81
8.55
10.43
22.57

0.91
2.23
1.83
53.0

0.357444135332
0.104231166151
0.271442860715
0.27253916642
0.120412844037
-0.0716510903427
0.321508803093
0.100196947317
0.0
0.856997971602
1.59513132607
0.51577548987

0.321508803093
0.270752993708
0.123922197714
0.300846279505
0.119392409548
0.119392409548
0.133388225607
0.0767300107565
0.136056338028
-0.0271203155819
-96.0
-0.0744208969936
-0.159047005795
0.00909727081875
0.0270912547529
-0.00406955234924
-0.0426623987913
-0.0166639284803
-0.152050451167
1