27.14

15.27
19.19

10.8
11.76
23.54
14.69
12.13
10.87
6.67
8.86

0.6
2.63
2.32
56.26

0.0735057404822
0.0118216716105
0.0154737918234
-0.0622305579506
-0.0569457503087
0.31165666983
-0.38623471662
0.042847569538
0.156698596744
0.000495798426158
0.0272497344974
-0.0431736923738
-0.175519601055

0.042847569538
-0.0578274484756
0.18304053903
-0.0481672524276
0.14603949412
0.14603949412
0.148223527359
0.139003372049
0.0502673796791
0.237268061587
-0.529126213592
0.305113880533
0.248916408669
-0.00734705955788
0.0163396443746
0.21143404663
-0.0070361220708
0.0957721144411
0.130565702297
-1