10.93
5.08
1.91
6.49
4.27
1.14
6.67
29.99
21.88
16.95
8.88
7.59
4.23
0.3
1.63
12.1
30.76
13.94


1.56
0.88
0.22
17.51
21.22
451.9
6.455041
96.799455


59.085559
12.524796
337.492098
0.00713501646542
0.11477911723
0.000427748667105
-0.0377141543061
-0.030441098785
0.0368928059028
-0.27781106451
-0.27781106451
0.105310971224
0.045434384341
0.0227272727273
0.138392400234
-0.00260548756432
-0.195051546392
-0.315337423313
0.105310971224
-0.0677402344542
0.479600640947
0.121745283383
0.00395075963104
0.00395075963104
-0.0188726882535
0.0615933365216
-0.0828812418327
0.207933897557
-0.146341463415
2.35647492207
2.90687361419
27.3629032258
0.752581898945
0.153615530753
0.0576425768906
0.0868320014637
0.0416649139371
1