3.4
4.1
0.63
0.24
3.48
0.04
2.0
28.36
19.04
14.09
5.09
7.81
1.86


1.3
0.24
18.51
22.71
-0.0896468452362
0.014155425644
0.0368074389771
0.106532222709
0.452988972722
0.452988972722
-0.0827004274673
-0.0298409728718
1.0625
-0.10807653926
-0.00319782893344
0.217702912444
-0.351114649682
-0.0827004274673
0.0265239840107
-0.303425774878
-0.339419795526
0.0603634271468
0.0603634271468
0.105833493291
-0.0393935913633
0.110900932606
-0.155167739749
0.244808933868
-0.713485426646
-0.75482468062
-0.970044691388
-0.450311317299
-0.104352218648
-0.09975701851
-0.0505375054593
0.0235559881696
1