21.82
16.43
12.39
13.83
11.07
7.85
13.85
34.67
18.91
14.98
12.71
12.05
8.58
1.05
8.71
7.98
13.15
8.42


3.2
2.46
2.03
56.78

53.13
18.666149
134.804736


85.545031
18.670225
150.668478
0.128587075575
0.308382692567
0.257284726322
0.284536460865
0.197804163284
0.150988751814
0.330890755629
0.364470613198
0.296661811281
0.176165415942
0.0
0.339723004666
0.360268886387
0.915319900796
0.0
0.296661811281
0.108909178944
0.117206178297

0.165755510161
0.165755510161
0.118180362005
0.267381874842
0.251583437065
0.288767469521
-0.201322482197
0.356733726475
0.359630530332
0.353680749922
0.289574048367
0.261233662092
0.101626364681
-0.0858279269043
-0.118780950704
1