25.9
20.93
13.77
16.5
13.43
8.77
6.93
33.02
9.44
6.86
7.0




2.03
3.95
53.15

0.028500559703
0.0281812061171
0.161560632628
0.033363483123
0.439425126363
0.501750651242
0.115186199773
0.134891844686
0.00759013282732
-0.0357471036558
-0.255813953488
0.156248910277
0.0
0.115186199773
-0.0681889186216
0.166750423754

0.0566557870212
0.0574483785889
0.0391460752744
0.0940589904145
0.0776366728929
0.161582357232
-0.73516642547
0.123400497053
0.123395885729
0.123395885729
0.111227343137
0.14138939503
0.0366106118256
-0.020188294304
-0.104112254039
1