29.33
25.74
17.31
18.68
16.42
11.02
8.41
34.6
10.53
8.11
7.78
6.26
9.3


2.05
7.03
59.01

0.0567448634427
0.0553958669955
0.00766289209268
0.028168453719
-0.0244650120851
0.00405300209842
0.00551162009923
0.0234393679701
0.13625192376
0.140301318267
-0.362352149784
-1.0
-0.000512700650677
-1.0
0.0234393679701
0.0929896937273
0.0155789166302

0.0592410879378
0.0618111187644
0.0341056046707
0.110239059719
0.0728810605107
0.252742584863
3.63387978142
0.286680683792
0.286673746448
0.286673746448
0.178608928636
0.18194867392
0.0484279409544
-0.0110699417462
0.0541482266718
1