29.95
15.21
5.31
22.06
12.94
3.91
5.32
41.61
10.32
8.73
5.52
16.32
10.72
1.62
2.13

66.17



1.16
1.16
0.4
17.73
21.56
252.66
8.776032
165.010194


29.297258

165.211871
0.0689655172414
0.0317443658322
0.0526442240536
-0.00258302176047

0.211666273589
-0.114095422848
-0.313608702328
0.0163039056587
0.443623017475
0.00559353635799
-0.188641553435
-0.219365409632
0.201177870907
-0.725371713705
0.0163039056587

-0.523114897034
0.380830009892
0.227925354432
0.227925354432
0.210015321927
0.253969161018
0.155649139198
0.845746396408
-0.281107853205
-422.79379845
-6.12660105652
5.00896793737
1.5115051495
0.646227738264
0.026043806586
0.0722762152336
0.230508376192
1