7.55

5.13
5.56

3.78
1.9
22.3
3.73
2.69
2.44
6.12
9.46


2.47
16.68
67.91

-0.0600311284047
-0.184532060995
0.00636640729452

0.0389049604356
-0.0731232171433
-0.0150434994266
0.030910890936
0.00510915002322
0.00877469856701

-0.113846624976

-0.0150434994266

0.108591517444
-0.293661210724
0.144138600372
0.144138600372
0.141096541489
0.154867559378
0.0141855392408
-93.7524429967
1.93941528707
-7.3986013986
-2.38709080821
-2.36608951925
2.18592035507
1.11568963669
0.0107289590063
0.129953061131
0.137772193078
1