3.7

2.76
2.82

2.1
0.95
24.4
1.8
0.88
1.64




2.9
32.56
74.42

0.00979507556697
-0.0879470454034
-0.163115087714

-0.446652490354
-0.551196224759
-0.113927143492
-0.107614616697
0.00632911392405
-0.0826159865847

-0.136340163596

-0.113927143492

-0.176540959326

-0.0141240033541
-0.0141240033541
-0.00142798470919
-0.0514922486387
0.0337877615555
-0.704683071373
-0.391304347826
-0.6930591738
-0.645641122199
-0.645641122199
-0.482103482647
-0.562186851856
-0.0373682452845
-0.0479117649097
0.14899108436
1