41.92
15.86
12.38
25.65
10.48
7.58
11.63
56.79
23.7
13.31
17.51
5.78
8.81


0.85
0.49
29.54
41.93
0.0491898139098
0.0483562331388
0.034818726453
-0.151016615654
-0.609364319891
0.543580520199
0.00355036049814
0.0478681028423
-0.393125393228
0.0397386082656
0.632250829089
0.817453392826
0.0548373728326
0.0909090909091
0.0478681028423
-8.35672997523
0.183982468373
-0.326719013059
0.0165283158566
0.0165283158566
0.0261014181609
0.00936305429757
0.0638027405455
-0.135178061794
0.385149347918
-0.179597223843
-0.180728716469
-0.180728716469
-0.000646957482536
-0.0215252766897
-0.00716526155908
-0.0472744246888
-0.0182904105963
1