-3.91
1.39
-1.18
-4.6
1.14
-1.39
-15.0
71.18
63.95
33.42
12.9
15.46
6.8
0.1
1.13

61.0



0.15
0.15
0.57
30.16
43.19
174.96

1376.421569


5278.980392

17501.156863
0.0625
0.0224218463362
-0.00730266477998
0.752805580831

0.311049875999
1.72664317823
1.08528732839
0.0335759712077
0.027534840762
0.00503183180555
0.10564007591
0.120988796628
-0.132324705587

0.0335759712077

-0.204233941761
0.0515065673355
-0.10126493144
-0.104469689768
-0.056484526225
-0.11820708519
-0.00817617123185
-0.216407567586
0.59466178816
-2.22097269723
-2.22097269723
-3.40355477855
-0.671742992857
-0.142903512205
-0.0137373954222
-0.0962935185359
-0.857275270599
-1