-22.16
6.27
-1.46
-24.1
6.13
-1.59
-3.11
91.14
35.35
15.52
16.45
6.97
4.61


0.42
0.08
6.58
7.05
-0.0345568488737
-0.0586322034688
0.147223853331
0.178874014304
-0.0602006688963
-0.181338028169
-0.0293622890234
0.0725313228324
-0.211095385818
-0.0581111811573
-0.0190538050792
0.283850364964
-1.0
-0.0293622890234
0.41813973064
0.403150458611
0.0732779283994
0.0671527986246
0.0671527986246
0.0197668942783
0.0719955241928
0.145156693391
-0.182566844343
0.34716877812
-1.6027337473
-1.93290806966
-1.93290806966
-0.0697960883193
0.0697701775675
0.00484272556825
-0.0780038947669
-0.0800710547062
1