24.76
16.31
11.89
15.11
10.51
7.25
7.26
75.49
12.33
7.98
8.78
7.54
6.98
2.05
11.35
166.9
42.53
5.7


1.44
1.4
1.5
48.0
92.31
78.06
10.281849
141.683202
28.81
40.824408
41.521984
15.343856
86.503382
0.0581568744408
0.929650020358
1.15133618942
0.153305313408
0.100474972598
0.0707691752912
0.403303509979
-0.289127837515
0.614775919944
0.213239230155
0.0196592398427
3.79787598493
6.36913006356
0.276977969547
10.4466936572
0.614770658613
0.0113319710199
-0.0531126653279
-0.0814341195467
0.0468518973582
0.0468518973582
0.0794529668924
0.0366861448268
0.0227741898542
0.171555451677
3.44717444717
0.0917579457712
0.0829277788593
0.0829277788593
0.316076700564
0.312774024104
-0.0101657525313
0.0240777075039
-0.10645341605
-1