3.83
6.76
2.09
-0.33
3.4
-0.18
0.8
81.98
5.08
1.78
3.23




1.41
4.2
54.74

-0.169242393713
-0.197045487027
0.0960947574547
-0.0733983877811
0.19133028101
-0.260181211254
-0.672794117647
-0.066408346856
0.446761685181
0.252918287938
-0.607972036305
-0.768536720601
-0.10517716174
-0.748531918924
-0.066408346856
0.144418585321
1.41016420952

0.0839487340134
0.0839487340134
0.375165429541
0.0357433136065
0.0559864211174
-0.444714936391
-0.370280735721
-0.515299877601
-1.07664437012
-1.07664437012
-0.261863725152
-0.239454655017
-0.048205420407
0.027962312896
-0.0121460234412
1