20.77
7.12
2.77
14.1
6.07
1.88
6.62
100.0
22.55
13.57
13.46
7.98
3.08
0.5
1.75
25.32
34.34
28.17


0.96
0.85
0.19
13.35
15.4
568.36
62.202043
939.954597


299.54597
53.23496
2244.381385
0.00102261106692
0.0137010996935
0.0477855477855
-0.0431630971993
-0.425307557118
-0.217046580773
0.226492793411
1.7012987013
0.00492986379345
0.305143422354
0.333333333333
-0.0479535323517
-0.104311953639
0.0667134831461
1.71171171171
0.00492986379345
-0.311306901615
-1.71657754011
0.00975597365743
-0.268592121533
-0.268592121533

-0.268592121533
-0.287789829834
-0.117046347211
0.0510948905109
-0.244137931034
-0.167785234899
-0.167785234899
-0.034632034632
-0.0575466935891
0.0
0.0191977083005
-0.225429024334
1