13.54
7.09
5.13
8.44
4.94
3.2
7.31
89.06
11.84
8.13
8.27




2.12
0.73
37.92
61.07
0.0606825723885
0.0448356300263
0.129274464008
0.321124003914
0.567099434387
-0.0518091649582
-0.231763728099
0.0749126227765
0.0201459683768
-0.00013206550449
0.0677646953752
0.0750368103338
0.399824633997

0.0749126227765
0.748151571165
-0.036489080439

0.228668674638
0.228668674638
0.36683494547
0.213597416155
0.23263516942
0.0518014720562
15.4152892562
-0.0478104194296
0.0430484179476
0.044032718101
0.0431854456743
0.0487551583723
-0.0150712584833
-0.00396649478195
0.0993942106302
-1