12.68
6.93
4.63
8.07
5.0
2.95
6.81
89.35
11.38
7.8
7.91
10.57
9.98


1.4
0.72
36.55
57.62
0.104242296601
0.0725410484533
-0.121300206161
-0.0148148148148
-0.0865065451145
-0.270768222052
0.0550849539111
0.0172026826201
0.0
0.0267936180446
-0.0174389187114
0.337847063378

0.0550842315139
-0.115093840867
-0.530005450411

0.0215186333041
0.0215186333041
-0.00546032104056
0.0248331027985
0.0292893833767
-0.0195507750712
0.233228445563
-0.0478052898143
-0.0297828152272
-0.027251586101
-0.0222164172606
-0.0184495114007
0.00331446949445
-0.00777075007266
0.142818839465
-1