12.8
6.52
3.9
8.66
5.09
2.64
6.8
92.37
14.33
9.74
9.19
9.51
7.19


1.18
0.52
30.42
43.72
0.0352894856956
0.00774520087835
-0.20284471332
-0.0130860219279
-0.300417402188
-0.480591434398
-0.00522820257044
-0.0633373847016
0.0
0.00203815801093
-0.113241834822
0.139621427915
38.3262486716
-0.00522820257044
0.0642720165216
-0.69936387404
0.0763444646506
0.0264678556996
0.0264678556996
0.0239184918819
0.0266789369928
0.019459261865
0.0922919392457
0.023244330006
0.125167943034
0.0707661790231
0.177539995845
-0.0162148659803
-0.00153392664014
0.000211081293211
0.00700859383454
0.229312569019
-1