10.22
7.12
5.73
6.1
4.46
3.42
20.78
43.76
27.62
21.82
18.21




1.46
1.83
56.06

3.93747812983
0.755394233699
0.375903237635
0.182241741455
0.191271666248
0.0629862855331
2.28537534676
2.16924689479
0.436681222707
2.65044428325
2.2635190082
2.05301221677
252.495297806
2.28537534676
0.627098462454
-0.371665685652

0.180045395072
0.180045395072
0.146109688494
0.226724675154
0.3267278798
0.140256797038
0.26945804491
0.134486918495
0.107163436194
0.120285461192
0.201795561227
0.189939149521
0.0466792800814
-0.146682484727
-0.195857842563
1