19.56
10.77
6.3
12.09
7.71
3.9
8.57
38.4
15.3
11.22
9.38




1.17
0.69
32.23
47.55
0.044276123257
0.0546845215402
0.254493711942
0.185331576636
0.410316127062
-0.0218592361278
-0.481505307173
0.0895167500529
0.0688794746295
0.0210526315789
0.0276145281986
-0.0464878414198
0.299289273339
-0.206275579809
0.0895404762763
0.0698338720589
0.0398691226369

0.0879573021618
0.0879573021618
0.150965384737
0.000117094304826
0.0345941551495
-0.0745632327726
-0.136978785662
-0.0533796784805
-0.0524853656117
0.0147438656909
0.0186179953608
-0.0502633506575
-0.087840207857
0.0533631470122
-0.16653640978
1