15.97
10.03
5.46
9.45
6.94
3.23
7.68
32.61
13.66
10.09
8.12
8.99
6.05


0.86
0.9
34.2
51.98
0.194481041247
0.195131634451
-0.127130577805
-0.0215151515152
-0.0898070399822
0.8038585209
0.098026893709
0.311392434932
0.136919315403
0.134684005297
0.204441430751
-0.117361226302
0.553256238588
0.0980130481348
0.0836946577032
-0.0541545189504

0.00747325533259
0.00747325533259
0.015625916727
-0.00896354125595
-0.0386589373408
0.0644160583942
0.176037060434
0.0335449304059
0.00457986727732
0.00372564004585
0.0404191616766
0.0712832338578
-0.0164367965885
0.0461321926734
0.134603833137
1