-3.53

-2.6
-2.12

-1.56
-2.01
57.95
5.16
-2.5
6.45
5.31
7.06


2.97
5.63
73.58

-0.0308949649787
-0.013043332811
-0.000735516186492
-0.0821289191119
0.0335501880446
-0.0203011630875
-0.0191524694311
-0.0113093907395
0.00510783200908
0.0250803940748

-0.0968359704845

-0.0191524694311

0.0562545002291
-0.729734018208
-0.0769521082921
-0.0769521082921
0.0184528675037
-0.135693282063
0.018174039094
-1.32598923085
-0.561800926449
-1.22877982179
-1.20995523764
-1.21532489451
-0.43546175368
-0.617489001438
-0.0587411737708
-0.0951261473861
-0.0762165921056
1