30.88
25.36
10.29
22.23
18.51
7.41
6.81
14.42
9.33
6.88
7.35
7.26
8.69
3.6
28.51
131.79
39.0
40.89

0.6
0.88
0.86
3.84
33.31
49.96
30.04
17.095604
250.957637
0.03
0.064835
55.365549
0.591319
166.19478
0.444444444444
-0.134177832141
-0.0971826909161
0.286289403785

0.372688967237
0.208135042465
0.394556792281
0.0395977500177
-0.0452967515647
0.0
-0.364646296068
-1.0
0.217806339297
0.0
0.0395977500177

-0.127988175371
0.0801592429773
0.247107512032
0.249353296445
0.268075210889
0.135672561001
0.243921917234
0.0368924355339
-0.71801210468
0.0672694654734
0.0598261510756
0.0953025777404
0.209981113306
0.132797192572
-0.113680735444
0.00543137921073
-0.0369361073404
1