15.25

11.13
9.74

7.11
8.12
61.89
12.45
7.08
10.55
7.51
9.0


2.69
5.83
72.99

0.302100709902
0.24349301572
0.026107359771
0.301524720318
-0.0194438002308
-0.00460551863801
0.178666958318
0.135067561768
0.00284575981787
0.338499058703

0.295753597071

0.178666958318

-0.0866124784388
-0.551378111769
0.0447302043296
0.0447302043296
0.0809944104127
0.0235879408329
0.215675213388
-0.539408418658
0.665913796349
-0.492720340033
-0.478232994258
-0.466651863943
-0.233799356041
-0.359248162736
-0.0211422634968
-0.170945009058
0.0186228445587
-1