
78.2
43.49

53.29
28.23
26.75
46.59
30.36
29.19
18.53




0.68
-0.56
-77.1

-0.0686454527975
-0.124619836691
0.174922339276

0.366430998789
0.423693275423
-0.0146667065761
0.718065438669
-0.0691642651297
0.286328588375
0.429641464301
-0.00153602316753
-0.574216291074
-0.0146703931935

-0.244718473709

0.109732394147
0.11600646088
0.128368209921
0.0891162069662
0.0763721427231
0.096861671318
5.79597141001
0.0188333466777
0.0345379402474
0.0345379402474
0.0125314242691
0.0791807116882
-0.0268902539134
0.0396343181565
-0.0589158783965
1