24.67
14.13
9.13
16.08
10.21
5.95
10.95
41.64
16.22
12.96
10.4
10.93
14.08
1.03
4.67
9.98
42.82
28.97

2.3
1.25
0.81
0.84
37.01
58.75
123.18
57.592973
525.854324


233.469459
72.905135
630.852432
0.0
0.211494619392
0.0317659780621
0.124650613424
0.248166815029
0.231764636996
-0.137336630636
-0.127899082714
0.189610604062
0.239581390143
0.0
0.199156311475
0.24818775275
0.0846794073857
1.4266174693
0.189609997773
0.358471657065
0.317935039184

0.120445883861
0.120445883861
0.0732749412519
0.193983200707
0.198167118912
0.184823476332
0.0294249597551
0.218494650709
0.131156617677
0.130351650855
0.229906507969
0.240297826839
0.0735373168463
-0.0777212350508
-0.00420472956269
1