-18.3
-13.79
-10.63
-18.39
-13.86
-10.68
-8.71
26.62
2.38
-8.04
1.67
16.5
9.3
1.73
-10.82

88.32
19.53


1.62
1.62
4.68
58.1

23.87
-10.2404
117.549733


55.959067

96.3152
-0.0625
-0.235774598786
0.00777285541683
0.114348227367

0.014950727358
0.333216226828
0.0282540341718
-0.10070513012
-0.169805908976
0.0
-0.280466093539
-0.109954285714
0.230742555946
-0.0209404505936
-0.10070513012

-0.0328086866295
0.276898706616
-0.0418047423776
-0.0391388605133
-0.0415992604576
-0.0423707028461
0.379426141826
-4.01526230763
0.321789970767
-5.02636959371
-5.26008685353
-6.1584436422
-0.522564318853
-0.468073222129
-0.00323184233275
-0.418565002339
-0.15348708788
1