8.82
8.23
5.0
5.94
6.24
3.37
3.35
28.28
6.1
4.53
3.83
5.61
3.14


2.15
2.25
56.73

-0.0520887145326
0.00274755467634
-0.0741226140998

0.141740745858
0.540151968976
-0.0607610530047
-0.00468366042692
0.0
-0.149234958561
-0.178881125811
-0.0897912550577
-0.780193236715
-0.0607610530047

-0.0600011377859
-0.260980325722
0.101288846785
0.106486996325
0.0989192998339
0.107343648856
0.133100624072
-0.0106749816581
-0.113208738477
0.0313065508505
0.0899792295333
0.12245835247
0.0968710227409
0.0071871711073
0.000856652531179
-0.026613627747
0.180609610425
-1