23.62
20.98
17.45
15.39
13.71
11.37
14.04
33.01
16.52
13.97
11.7
11.03
26.64

1.08
3.21
7.51
73.88

-0.00902839820859
-0.019905688773
0.170518229912
0.103524866392
0.692152917505
1.11909210435
0.077367342345
0.113239981526
-0.00994282391705
0.00859530217419
-0.0039352864014
-0.0250432205483
-0.751072961373
0.077367342345
0.0748018314753
0.287270904292

0.0347527500818
0.0347527500818
0.0317292708058
0.0409421969953
0.0232107742668
0.0661310468217
-2.07543859649
0.0764827597904
0.0804636536112
0.0826908224576
0.085237997538
0.0704117381555
0.00618944691351
0.0115419758151
-0.13576547983
1