42.33
18.34
13.91
24.83
11.68
8.16
32.49
59.48
18.46
11.9
25.61


0.5
2.64
20.18
35.11
57.56


1.48
1.32
0.62
32.86
48.94
168.37
258.142487
794.606218


609.898964
-10.171848
1856.207254
-0.0374064837905
0.106966579036
0.121370319185
0.509796153819
0.208288068679
0.488243292541
0.576626484432
0.77040400042
0.170067656907
0.258792223347
-0.0169257292978
0.224655288909
0.353102416591
-0.129037512179
-0.75
0.170067656907
-4.23332418337
-3.81228586885

0.233753052022
0.233753052022
0.413647979495
0.135330687803
0.149236217393
0.082955961162
223.143195266
1.93116499809
1.76740422571
1.78785036328
0.918789536673
0.0545732237316
-0.0984223642189
0.0845168346296
-0.276043101797
-1