40.91
23.15
17.42
29.4
16.98
12.52
19.85
37.2
33.58
27.82
20.02
2.68
3.41


1.02
1.16
42.59
74.17
0.399879372738
0.346619880476
0.141929499072
0.149576669802
-0.193168433451
0.216077537058
0.139401654997
0.336595357305
0.348351817622
-0.887788778878
0.0999419364204
0.193181818182
1.11436436436

0.336595357305
-0.0779834580544
-0.952676056338
-0.277097214947
0.586278129395
0.586278129395
0.328546307151
1.35874912157
0.805437100213
1.63076519916
318.555555556
0.881534016286
0.928860418071
0.943731117825
0.942741935484
1.47933715221
0.772470992179
-0.219158970818
0.444348630323
-1