44.99

17.9
35.12

13.97
39.66
46.28
40.75
33.83
37.88
4.52
3.9

1.23
1.27
0.8
39.78
66.06
1.43151410145
1.61462102935
-0.260285636877
0.614665708124
-0.474630664527
-0.668538967256
0.869545653236
0.504199277152
0.0693641618497
1.49848463976
1.10653201798
0.460192475941

0.869545653236
0.170817807413
-0.73691318328
0.127630675558
0.463914536777
0.463914536777
0.304610034039
0.705670971364
0.607985837923
0.744695898161
-62.7096774194
1.05535375869
1.23112104889
0.99186194725
0.852331992252
0.677221142391
0.241756434588
-0.144071301146
0.724200173654
-1