29.32
15.07
12.38
20.39
10.74
8.61
16.73
25.02
21.48
16.77
16.35
9.21
14.6
0.85
16.89
7.13
13.43
23.72


1.89
1.09
0.94
42.21
73.05
106.11
71.857305
429.445074


245.073613
47.923745
580.558701
0.264740988303
1.00552963539
1.06113685162
-0.0354084110955
0.145474137931
1.62848297214
-0.25614927905
-0.553312482229
0.585709130278
0.414225029953
-0.198836594395
1.13050873666

0.0658842357962

0.585709130278
0.508615567439
-0.128620520373
1.52040959623
0.183951709424
0.183951709424
0.164505119454
0.246332384497
1.06153846154
0.0434782608696
-1.0407239819
-0.018308406395
-0.001010441226
-0.0353369763206
0.172761664565
0.196865817826
0.0623806750735
-0.877586752115
0.219360120519
1