9.73
8.05
6.37
4.38
4.26
2.86
20.35
58.88
52.03
30.04
31.14
3.99
5.2
0.34
8.82
6.38
6.71
27.7

1.87
1.84
1.21
2.44
65.45

42.51








-0.0317564735228
-0.036416650868
0.746520617104
0.267096334888
0.149607724804
1.31762903147
1.95329562298
0.033860043002
0.0470185964395
0.00447928331467
0.0349816735083
-0.109220632443
-0.0688394153304
-0.485098788635
0.033860043002
0.842267360856
-48.2396804261
-0.175197557641
0.981154587095
0.981154587095
0.644036611051
1.31234351864
0.590622045755
3.09607476636
-0.409423208904
-3.24287487185
-2.12400221196
-2.02399570684
5.05654699552
1.42919259486
0.331188931549
0.390532541339
0.23463396999
-1