4.75
3.41
2.73
3.09
2.38
1.77
10.38
43.54
19.72
7.63
18.84



10.63
7.08
1.65
57.42

0.729747447539
1.08996005164
-0.116733475021
0.168762429249
1.63174722588
-0.201768623379
-0.253763133709
0.131308520532
0.163906438488
0.0412109796372
-0.0154729675077
0.0
1.09218961625
-1.0
0.131308520532
0.402748353851
-0.193337338368

0.433180188359
0.433180188359
0.384791650318
0.501191211506
0.0429458113432
-2.40672169811
-1.28029463529
-1.6812896184
-1.81758704813
-1.62587495551
-1178.6
2.68945289118
0.0680110231471
0.390234377016
0.54991366338
1