1.46

1.26
-0.6

-0.52
3.36
88.13
17.63
14.21
2.03
37.26
43.56
0.39


67.96



16.93
16.93
8.97
86.66

11.15
20.564356
611.648515
46.91
286.940594
1410.242574

1627.282178
0.0
-0.0532725317797
-0.094640682095
0.319869664806

0.342543026535
0.317007237741
0.255586466104
0.148849092345
0.163005936099
0.0135746606335
0.23800241706

-0.221714212119

0.148849092345

0.380177260211
1.42172848452
-0.335128881236
-0.335128881236
-0.388323603003
-0.327247451344
-0.113128939216
-0.701710287199
0.0315408877606
-0.909459459459
-1.01340889137
-1.0946791429
-0.886302920534
-0.653689013243
0.0078814298917
-0.22199994202
-0.654998546042
1