-0.88
-0.78
-0.81
5.0
5.03
4.58
-1.12
80.31
0.4
-2.1
8.88




3.74
82.51
91.6

5.94649291376
-0.215114549241
1.41732239522

2.43201729435
3.00797236248
3.59891238321
6.01044574949
0.325842696629
-0.749111584932
-0.742298213185
0.713842058563
-1.0
3.59891238321

1.84368557856

0.622282879117
0.622282879117
1.44559303591
0.498552762833
0.908094725948
-1.20139824798
2.97491039427
-1.10550571969
-0.396813542445
-0.3952369098
-0.223856584693
-0.96489047693
-0.123730116284
-0.285811846831
-0.795039516106
1