18.73

16.04
7.37

6.31
24.69
87.1
33.85
31.68
11.88
5.33
12.99


9.98
9.55
85.61

-0.206009856989
0.343039424178
-0.0724071269968

0.0046798227362
-0.110344525483
-0.138822254661
-0.131149459944
0.0754257907543
6.61383199763

-0.66932135176

-0.138822254661

0.160953031085
-0.682596072926
-0.271452038468
-0.271452038468
-0.379383524418
-0.252183153907
-0.119589938268
-0.408084687148
-2.29873114197
-0.580931851189
-0.632057324934
-0.760768782452
-0.732244610945
-0.409128482594
0.0192688845614
-0.1518621002
-0.199044911471
-1