37.68

30.35
23.56

18.97
36.61
89.94
38.8
36.67
25.02
12.16
17.22


6.29
8.4
80.53

-0.00182364101903
-0.154206313246
0.0523335621139

0.206239907376
0.0152432980153
-0.0614357776946
0.0311507064477
-0.0122254836844
0.0176211453744
0.844933091251

-0.0362862010221

0.0311507064477

0.0709570248171
0.146423871926
0.291219018385
0.291219018385
0.0546153506252
0.324455175753
0.166671282577
0.648240063653
-1.01125275417
0.32624362537
0.169636892576
0.170485160678
0.165625981778
0.6061552419
0.0332361573679
0.124547735808
0.238885456271
1