198.12
16.62
11.72
75.08
7.9
4.44
20.76
37.68
17.62
14.62
10.87
58.73

0.68
3.85
7.41
60.03
34.78

0.82
1.94
1.48
0.08
5.92
6.29

48.168194
232.037122


24.313016
47.574244
410.879927
0.213570634038
-0.0208073596134
0.10544022011
0.642240935458
0.195647225675
0.244674421005
1.69476091142
5.32137223975
0.124574461947
7.99321918969
0.0
0.0514123652864
0.0949301478684
0.139567748575
0.038961038961
0.124574461947
0.195492445181
2.10970852018

0.286330931596
0.286330931596
0.228608365848
0.394691442857
0.419052247874
0.357903042313
-1.64788967126
15.1796490148
28.8662420382
48.7253433208

0.636812360087
0.108360511261
-0.132721316277
-0.355910003862
-1