110.12
3.1
0.82
13.58
2.25
0.1
1.65
34.76
13.85
13.85



0.59
3.84
6.89
62.04
34.86

0.85
1.34
0.9
0.01
0.74
0.74

3.612903
218.912125


3.280868
48.29366
443.395996

0.111245210796
0.0782674362155
0.244496653852
0.381844136363
0.258100413599
0.102716093073
-0.0272343690065
0.137961157565
-1.77812953436
10.5
0.10079072114
0.189566161907
0.210460748949
0.307098765432
0.137961157565
0.28311143292
0.355787937743

0.139302647347
0.139302647347
0.217361213161
0.0168964876417
-0.0737093270605
0.193143007269
0.768811260962
-0.649584636962
-0.811022268077
-1.59201773836

-0.0451678463803
-0.122406159705
0.213011974407
-0.105194006505
1