10.28
10.67
5.81
4.95
5.5
2.8
2.9
16.64
3.83
3.14
2.09




1.66
32.08
56.54

-0.0774873048712
-0.113287453679
0.18744351281
-0.0573027989822
-0.011464071088
0.9624376491
2.22815677757
0.0911566175842
0.0794229044154
0.0
-0.394583445431
-0.233624702009
0.146942906984
0.299247176913
0.0911566175842
-0.0473350381911
0.254444615988

0.0283322791256
0.0283322791256
0.0260822137558
0.0397505718775
-0.105005440696
2.41833404286
-0.835412147505
-6.54344037839
-7.33287037037
-2.92023660154
5.43935742972
0.945620534533
0.0114182927519
0.133337719822
-0.159111233684
-1