19.84
19.86
9.52
12.36
12.47
5.93
4.73
18.34
5.1
4.49
3.56
6.85
6.25


1.6
93.91
48.0
92.3
0.141497709761
0.382997936017
0.194412048474
0.0724720383474
0.344468452572
0.546540991959
0.184730328197
0.0818411793304
0.00982800982801
3.77133105802

0.289419357792

0.184730328197
0.108337183159
0.0637172488052
-0.00559517103258
0.0426435720877
0.0426435720877
0.0218162279566
0.146688457981
0.159094878317
0.109990566462
0.292895118415
0.118112940267
0.121948671519
0.130274335051
0.157469638014
0.130666505772
0.104044885893
-0.11645130623
-0.151768476386
1