19.7
11.47
7.83
10.71
7.45
4.26
8.62
87.98
15.54
11.14
9.08




2.09
0.81
39.77
66.03
0.0720051654876
0.0851727259745
0.121111191503
0.0785457758845
0.0983958436931
0.254454630121
0.261945744139
0.0830285018367
0.261764803132
0.0665914221219
-0.0482795782605
-0.0866368066806
0.207098485204
-0.288197416905
0.0830285018367
0.0734360955459
0.0523428016509

0.116313153054
0.116313153054
0.103346133311
0.118108420166
0.112942833755
0.155079051269
0.14962183911
0.156687735523
0.160220994475
0.106390284812
0.0805687519129
0.124673915903
0.00179526711261
0.00337031929852
-0.00479803844926
1