2.36
3.96
1.11
3.95
4.73
1.86
8.91
64.2
59.41
27.55
46.78
9.74
4.87


1.16
0.95
47.2
89.38
0.0180947051058
0.0111466196618
0.000965355509825

0.173089315633
0.173089315633
0.0174900712239
-0.0109704797351
-0.00250788369379
0.0340850727484
0.0355484134844
0.250011892061

0.0174900712239

-0.561134969325
0.21448193407
0.0164218000027
0.0164218000027
0.0764450213385
-0.0142284710018
0.0639842640481
-0.102051345463
-0.171573899143
0.0892902854217
0.0910239587889
-0.412270526918
-0.155474786979
-0.021112796993
-0.0306502710044
-0.0475624640454
0.0154564444928
-1