351.94
44.24
27.59
242.02
32.56
18.98
19.44
34.05
27.03
23.48
16.91
7.49
7.49
1.92
6.59
9.47
64.87
35.58


1.81
1.24
0.12
7.84
8.51
847.6
130.235227
669.93689


37.005164
125.243832
471.944923
0.0976070528967
-0.0488663878494
-0.0345262096774
0.0678151490293
-0.0397196261682
0.0183930300097
0.85016286645
1.85950413223
0.00317073170732
-15.0217391304
0.0
-0.177255496588
-0.184337149494
0.305269533616
0.0
0.00317073170732
-0.0512820512821
-0.127617148554
0.230721363026
0.362066954392
0.362066954392
0.272261688419
0.577777777778
0.145775301764
0.900207900208
-0.264797507788
1.83395755306
0.99375
0.986005089059
0.665261382799
0.71242539338
0.215710823386
0.216291652628
0.294251805362
1