17.02
12.6
9.76
10.38
8.51
5.95
37.46
83.28
71.36
50.01
44.18



6.38
0.78
1.59
57.33

0.0790720741194
-0.14597571038
0.0944726744789

0.0350383908295
-0.967073621902
0.0798607718094
0.637920714452
0.205397217235
-0.299046001622
-0.397022332506
0.0655935173018
-1.0
0.0798607718094

-0.0230441148386

0.0120735189014
0.0120735189014
-0.149823307982
0.0522953158475
-0.0793889620295
0.162971029129
-0.182938225457
0.355106612575
0.337422920178
0.290438901573
0.0409986298201
0.0532552954292
0.0402217969461
0.091462480931
-0.0823991555775
1