-4.43
-1.77
-2.54
-3.42
-1.16
-1.96
-16.14
75.79
62.1
-10.77
60.41
11.97
10.73

0.31
2.88
1.53
57.35

0.0951147277848
0.0910712493468
1.10251638109
-0.666234607907
1.83217494698
2.38075033092
0.178130921674
0.00379065705664
0.0142543387451
0.739327270462
1.24207619048
-0.171980254248

0.178130921674
-0.507008292329
10.4695305978
-0.0658188820426
-0.503995365139
-0.481004844354
-0.182531995849
-0.559360100401
-0.338420292844
-1.26168387161
-0.336655405405
-1.48790639071
-1.62646649604
-1.14896580456
-0.700505078725
-0.610067748847
-0.0783552560468
-0.142584551511
-1.58352122544
1