12.93
6.31
4.7
10.35
5.29
3.76
34.31
79.04
70.56
37.87
60.16
9.84
3.65

0.55
0.65
0.65
36.34
57.09
0.845948668576
1.50892028608
0.872806518855

0.749137711521
1.30028210218
119.393258427
0.847342728121
0.171060239269
0.0331393995811
1.85408286321
0.872427983539
1.22941409633

0.847342728121

2.45559392715

-0.0286549398428
-0.0286549398428
0.217679083742
-0.0780995651563
0.202036137468
-0.264477350469
-0.724574868322
-0.11038646856
-0.137457921858
0.168422096926
0.322669697954
-0.0394699238968
-0.0494446253135
-0.23069107731
-0.901461458698
-1