49.62
13.0
9.85
30.26
8.17
6.0
15.6
33.76
24.85
16.37
17.99
5.27
5.23

0.09
0.65
0.33
19.84
24.75
0.155967264773
0.161313841857
0.440103636803
0.395954483342
0.228109335623
0.574096170787
2.32553840244
0.187234398986
0.204021840897
-0.0113452188006
0.105413154839
-0.0420800736309
0.487351891043
0.225236558552
0.187234398986
-0.389695141616
0.584212074108
-0.555264079525
0.236629820289
0.258264480774
0.182715457108
0.358083642853
0.161017703179
0.656730635396
0.172830702408
0.691533183979
0.65856498873
0.652351539685
0.401908826564
0.465409952829
0.0998191620789
0.0972467775948
-0.181839156029
1