63.85
15.92
12.91
56.65
14.2
11.45
17.18
33.01
24.89
17.9
22.23



0.06
1.25
0.32
20.22
25.34
0.0991239052848
0.110659590647
1.06804394439
0.156469951272
1.47604409392
1.33938491448
52.0426658362
0.208873510914
1.18616224007
1.02628696605
0.0832079487301
0.0296105787298
0.0970352617632
0.191505791506
0.208873510914
2.26160738126
-1.79982735587

0.37226987387
0.255368423245
0.211999555614
0.875757489884
0.0344325661885
4.98288476384
-0.130834579528
6.92950837542
4.12412224739
1.92504355883
0.750815274672
1.37501753085
0.620389066639
0.220935857056
-0.812675521145
-1