-9.91
-5.91
-5.52
-4.49
-2.04
-2.5
-6.29
38.28
8.53
-6.72
12.39
10.25
8.26

0.97
1.5
2.52
55.71

-0.146447036191
0.075162387875
-0.251379456706

-0.401720121842
-0.43895085921
-0.184396346611
-0.0184847480106
0.0095932109584
-0.0928392202278
0.85248447205
-0.465335300125
-0.775419545903
-0.184396346611

2.83469721768
0.115682208273
-0.230359355638
-0.230359355638
-0.213122605364
-0.256618720033
0.0710270822688
-1.70894677237
-1.09813664596
-2.22060353798
-2.29940828402
-0.311772315653
3.91276595745
-0.471917580592
-0.0262593643952
-0.301386437907
0.0210201010681
1