27.56
20.68
16.69
23.72
17.92
14.36
20.12
36.22
10.47
5.76
22.03
6.01
7.8

0.72
2.56
2.58
60.56

-0.0282434145654
-0.0106444188723
0.348121899362

-0.176803013994
0.932315064391
1.38850080602
0.0966922316849
0.192044590828
0.0158063042485
0.164042553191
0.0134115674769
-0.210101867572
-0.931868131868
0.0966922316849

1.47076397781
-0.252746784685
0.0375140879085
0.0375140879085
0.0720806886358
-0.0182277061133
-0.297590648855
-1.88897763578
34.1518987342
-4.31628303495
-3.57285974499
-7.29323308271
0.844521437852
0.273757079924
-0.0557417940218
0.335104736764
-0.310607811454
-1