17.14
12.99
10.18
11.14
8.72
6.61
10.08
29.01
15.16
10.14
11.56
5.82
10.21
1.21
15.63

77.55
4.34

2.84
2.02
2.02
2.47
59.34

40.49
3.478667
34.521333


20.289333

34.189333
0.0
0.0574498478355
-0.0113944655453
-0.0737475811653

0.0221774193548
-0.209828393136
-0.490038151759
0.00940833759792
0.0457700501684
0.043829654958
0.258123850399
-0.00115562403698
-0.28360463165
-0.992848629321
0.00940833759792

0.300329045767
-0.330269233804
-0.0719406409062
-0.0719406409062
0.0473558240255
-0.274202898551
-0.365124740125
-0.0105501130369
-0.918269230769
0.0666394112837
0.0974729241877
0.0198555956679
-0.030754289414
-0.0382259250184
-0.202262257645
0.293184099219
0.00180694025918
-1