34.69
12.19
6.93
30.48
10.99
6.09
4.75
16.2
9.94
6.25
7.86
4.52
8.3
2.09
5.74
8.69
44.36
41.18

1.18
1.93
1.37
0.4
19.99
24.98
250.96
12.391534
260.581796


35.725616
32.292759
178.751512
0.0262571610439
-0.00331540543247
0.00172861354852
0.184133496962
0.296185098933
0.276567085049
0.05951407936
-0.0319030589183
0.0976970395269
0.392919760103
0.0
0.0152630933355
-0.0309604164715
0.0910203805821
-0.620689655172
0.0976970395269
0.291866592641
0.303715513936
0.17139617535
0.209426446299
0.209426446299
0.259388531478
0.00347256782013
0.0200537125767
-0.0218133924084
-0.49313000151
0.383499389732
0.212304409673
1.27609956892
0.426272966304
-0.0132307264931
-0.205953878479
0.189372733722
0.0252929493368
1