-1.7
2.06
-0.74
-1.0
2.41
-0.44
-0.78
14.19
6.65
1.25
4.95



0.78
3.49
1.0
43.62
77.37
0.153840903662
0.0778769433248
-0.410159277531
0.230177424412
-0.130557629976
-0.677338326544
-0.697440805698
-0.193358979702
-0.197992709304
1.15845323324e-05
-0.210674721193
-0.364591626772
-0.110166204542

-0.193358979702
0.0671928271558
-0.480498514108

-0.0220915647463
-0.0220915647463
0.00730499492797
-0.16874190857
-0.0879541042827
-0.567258948231
0.751664475637
-1.45572187625
-1.58434744589
-1.04646127565
-0.681411784067
-0.218328483001
-0.146650343824
0.0658625395363
0.388067712785
-1