189.63

23.51
119.31

14.79
24.04
65.64
23.96
21.03
18.06
16.13
19.37


0.65
1.13
12.4
14.15
0.0744750824153
2.40536534756
-0.43594008603

-0.663790719372
-0.753393766264
-0.259875960356
-0.787497837132
0.00700934579439
2.38124858629

0.0422590423115

-0.259875960356

-2.78152402881
-0.0143196491263
0.156511941436
0.156511941436
0.116205191368
0.178797788416
0.236256932666
0.0730266056276
-0.340036187186
-0.00500264114595
0.0178853368026
0.0178853368026
0.0738631923279
0.11170240563
0.0222858469803
-0.0797449912302
0.592452027466
-1