16.94

8.15
10.94

5.26
15.3
30.32
25.06
19.21
15.73
8.39
7.52
0.57


61.49
12.46


1.76
1.76
1.06
48.07
92.58
94.14
13.442069
87.854368


79.330977

165.021494
0.0481927710843
0.180878355416
0.188115916881
-0.00693940932828

0.102222165936
-0.25611648053
-0.410860620311
0.155138510061
0.129613126291
0.00160642570281
0.23846510218
0.222363548592
-0.106682314151
0.0
0.155138510061

0.163135660515
-0.298235678289
0.0893738259415
0.0893738259415
0.0720047178593
0.131512448087
0.111477555294
0.143436892675
0.116601825527
0.150494104684
0.150206557714
0.131720813058
0.135485424516
0.143074508774
0.0421386221457
-0.0221037293524
0.0963132352697
1