16.64

8.18
10.91

5.37
14.49
29.19
23.89
18.3
15.09
13.67
14.6
0.62


60.77
22.18


1.59
1.59
1.17
49.16
96.69
85.87
12.246807
84.533253


73.612952

149.743373
0.0375
0.153504106757
0.155766703674
-0.129278042746

-0.00208945918393
-0.325510204082
-0.482902582716
0.104351225754
0.16413939092
0.019656019656
0.0118026961884
-0.000298165513623
0.30629265978
0.0
0.104351225754

-0.444891122278
0.273661505342
0.117578754048
0.117578754048
0.0922054026011
0.184328319367
0.171986441094
0.191798180468
-0.101520880598
0.303729117902
0.283614020501
0.267334353234
0.231074168798
0.187573740172
0.0667495653193
-0.0544076870461
0.246856796794
1