17.21

8.48
10.69

5.27
15.22
30.79
25.73
19.5
15.69
9.1
10.81
0.6


66.08
10.37


1.84
1.84
1.13
49.3
97.26
88.83
14.889882
97.842176


86.521824

175.484
-0.0243902439024
0.00947378945378
0.0124494231017
0.163065902138

0.298402221665
-0.190066136979
-0.443304594565
0.0266661573305
0.0196354223713
-0.0534482758621
0.029865664418
0.00649987511955
0.0579290071589

0.0266661573305

0.319624709196
-0.0113396469801
0.028970866435
0.028970866435
0.0256135436657
0.0365979047588
0.00844946425887
0.0536343197266
-0.0694438996326
0.094328365952
0.0444661359574
0.014449449514
0.0243501203372
0.05023126848
0.00762703832385
0.0205214021761
-0.134095035703
1