-19.67
-7.65
-9.61
-23.41
-9.55
-11.44
-92.03
63.27
34.1
-70.29

27.25
11.96


1.18
1.03
48.86
95.55
-0.101282414516
-0.0677730685835
-0.0474180820038

-0.658677903608
-0.00482630796616
-0.360705355968
-0.098992767352
-0.205750981148
0.00112089787536
0.0428541368722
0.058748716902
-0.0672788940238

-0.098992767352

0.0797662898514
-0.116710163254
-0.163310294747
-0.169931097541
-0.327272985325
-0.0254130061115
1.14508500734
-27.4437317784
-0.416153333888
1.66140020618
1.72307833636
4.14308588064
-1.56291447033
0.0313320209974
0.14451809143
-1.31501610488
-0.122513015537
1