-0.13
0.73
-0.07
5.46
3.86
2.9
-0.57
80.27
30.4
5.59
48.19




0.85
1.27
53.21

0.248074341539
0.29346646374
-0.568796036593

0.603317706455
-0.895675494469
-0.895675494469
0.157043092838
-0.0416369837059
0.00226675738971
0.514867036821
0.546601562758
0.506377485154

0.157043092838

-1.11875800679

0.088831138149
0.109039055571
0.821408450704
-0.00912340026617
0.0649628189879
-0.486176836862
-0.378102988443
-1.58594293667
5.57842387146
-0.913716847367
-0.83929084204
-0.234702759904
-0.118162455837
0.0440762365829
0.677835092164
1