27.95
23.61
20.73
20.77
17.67
15.41
22.54
64.99
26.36
22.65
20.46
12.25
16.19

8.12
4.96
4.76
74.17

0.0632346980138
-0.0325014509576
0.0903381642512
0.124233755619
0.0782307571226
0.0376796354714
0.0768329630378
0.0699134199134
-0.008
0.201272411799
0.0
-0.0305289314874

0.0768329630378
0.106379155436
0.125794022701
-0.143239276714
0.113578564941
0.113578564941
0.0943396226415
0.124224040632
0.210422009792
-0.00785994998214
-1.13775510204
-0.0460821539524
0.0264381884945
0.0229140722291
0.0460896767466
0.0133270617749
0.0106454756911
-0.0968434448515
0.0232404006898
1