30.61
26.03
23.1
20.75
17.79
15.66
26.49
65.42
31.02
27.76
21.2
8.9
12.14
0.97
59.64
8.58
62.79
7.21

7.08
5.3
4.25
5.08
75.46

19.68
61.045455
230.445455


199.418182
62.427273
264.263636
0.0
0.0789935188715
-0.000899820035993
0.101609806528
0.0737913486005
0.121796498351
0.101167883212
0.138996791083
0.090482800015
0.109447703824
-0.0322580645161
0.0389985556091
0.0
0.0314902965947

0.090482800015
0.115315900601
0.119322911849
-0.116310426007
0.0337669752457
0.0337669752457
0.0212022367195
0.0405346050072
-0.0807088510065
0.267194814548
10.962962963
0.214944816356
0.100405437634
0.108108108108
0.0715709728868
0.216462942906
0.00676762976151
0.114475826252
-0.0678428312821
1