-25.34
-8.5
-7.95
-15.88
-4.82
-4.98
-8.9
34.02
12.58
9.86




2.77
1.71
0.64
31.36
45.68
0.229306086957
-0.0497029454332
0.0619998307584
0.20753426694
0.240039920802
-0.379403215015
-0.644066012714
0.168195185277
-0.155875159459
0.0
0.718095859468
0.00247075484772
-0.0204503863116

0.168195185277
0.174140007302
0.203904573153

0.155467847928
0.155467847928
0.186181042869
0.100208743263
0.100943018721
0.0984128481475
18.2147658283
-2.11250033077
-2.01071877127
-2.01071877127
-1.34021145975
0.0635985995162
-0.0552591046654
0.0545248292077
0.0934680171698
1