1.81
1.77
0.52
3.23
2.27
0.92
0.59
36.4
14.86
12.34
3.57
7.73
18.13


1.94
0.54
28.61
40.08
0.0542846599256
0.0121105910681
0.0440707178699
0.130413661906
0.156771043793
-0.123408202009
-0.102044031494
0.0505538669456
-0.174010908234
0.0
0.223744460223
0.000446410657678
0.0692823645984

0.0505538669456
0.111731157209
0.0184245481089
0.136242012027
0.147316661765
0.147316661765
0.154449796194
0.135061313271
0.0707020903939
0.285732739941
8.5048044259
-0.929395839611
-0.850856321088
-0.829311798664
-0.582927980337
0.239049153317
-0.0122553484931
0.0766145713707
0.103245943895
1