21.44
18.89
12.63
14.04
12.47
8.27
9.19
22.07
10.11
8.9
7.22
6.04
9.49
2.02
60.76
29.47
63.95
11.74

1.58
2.43
2.29
6.55
58.93

16.16
14.299351
155.609351


66.702857
27.843766
113.184286
0.0405405405405
0.109689882009
-0.0291645362512
0.15060716829
-0.294280010416
-0.0785985176462
0.410260477597
0.504811638336
0.141369587453
0.145465858734
0.00351157222666
0.0713183587083
-0.224647544968
0.154981793834
-0.00197628458498
0.141369587453
-0.16266544814
0.147576423965
-0.116191062334
0.167914972259
0.167914972259
0.186254906693
0.107441755259
0.104180811524
0.112301417589
10.8095238095
0.145006811493
0.141721434793
0.141721434793
0.0994779692878
0.0865746099253
-0.0604732170002
0.0637341607351
0.0173078039689
1