21.45
18.82
12.59
14.08
12.49
8.27
9.37
23.27
10.86
9.34
7.67
7.43
5.97
1.97
47.2
17.81
81.05
11.42

0.8
2.44
2.21
6.12
58.72

17.35
12.99473
138.638378


60.592838
34.600946
103.185541
0.0571428571429
0.0389455413322
-0.092638298662
0.243745371617
0.276763154395
-0.140952976005
0.875692696775
1.23788776886
0.190753401159
0.153104523058
0.00360432519023
0.301839836459
-0.199610894942
0.233531316118
-0.246650124069
0.190753401159
-0.119247783045
0.250921438626
0.436866737391
0.164321017778
0.164321017778
0.122735104174
0.326307368374
0.18530348787
0.612104192241
-1.13195691203
0.679990915285
0.713382536495
0.713382536495
0.691611877444
0.611640517678
0.161986350596
-0.0209824700922
-0.0794243538389
1