17.05
16.15
11.01
10.86
10.58
7.02
7.33
19.13
7.97
6.98
5.67
15.01
16.29
2.09
18.25
32.55
123.66
11.32

0.58
2.83
2.66
9.03
64.6

12.68
10.874667
148.311667


63.795167
50.837
98.760833
0.0
0.083534844821
0.0492449233927
0.0805923267796
0.352961551784
-0.0749742016118
0.605710821045
0.965953876771
0.0811829124329
0.184220947572
51.8076923077
-0.34092817817
-0.143085510627
0.0427912075592
0.00987166831194
0.0811829124329
-0.0683961687883
0.102460345486
1.02382865352
0.0833761471464
0.0833761471464
0.0602749575305
0.193280668428
-0.0324690430177
1.00996925069
-0.42031652558
0.79603071926
0.723200596693
0.723200596693
0.546148422892
0.801498032246
0.109904521282
0.115845190164
0.00278382036684
-1