4.25

2.0
9.96

4.69
6.02
33.54
13.44
9.64
17.88
17.55
9.4

3.12
2.26
1.27
47.1
89.06
-0.0231144558386
0.0113146551724
0.149342681858
0.0683760683761
0.243789473684
0.46465418418
0.0321683429792
0.11014176663
0.0
-0.0430846958108
-0.0256682867558
0.00729927007299
-1.0
0.0321683429792
0.0407652015486
0.293847241867
0.314490963822
-0.496398139382
-0.496398139382
-0.563013919493
-0.278403095322
-0.454765901884
2.63076923077
-0.146153846154
-4.77435897436
-7.32075471698
-69.92
0.414618369987
-0.132911392405
0.21799504406
-0.0416322374977
-0.64574082124
1