36.53
16.74
10.88
26.77
12.91
7.97
7.77
22.41
12.73
9.06
9.36
7.85
6.53
1.84
6.91
30.58
3.78
13.32


0.41
0.22
0.64
29.79
42.42
155.09
2.888328
37.185746


7.907407
0.23064
26.546577
0.138658146965
0.825254774343
0.403589086248
-0.142097543088
0.0338740458015
0.497844827586
-0.372149274361
0.430463576159
0.642113301861
0.28743718593
0.0895867247808
2.06967270684
2.44629780309
0.057520476545

0.642113301861
-0.473076923077
0.263327032136
-0.501674720477
0.190296563741
0.190296563741
0.207132962363
0.135474006116
0.200379867047
0.0516727973375
1.13715710723
-0.0303315749812
-0.0201538053567
0.872889771599
0.536023768259
0.0907680372382
-0.0548225576243
-0.010083303306
0.332394106828
-1