0.16
2.29
0.07
3.45
3.7
1.44
0.78
75.6
67.65
23.25
60.72
16.29
13.41
0.09
0.95





0.89
0.89
0.75
41.84
71.93
133.49
24.525641
3151.487179




35628.102564
0.21875
-0.0306808553528
-0.0349298431629
0.418152149727


0.418152149727
0.307636207636
-0.0243070769715
-0.0532195139032
0.0
-0.00653663800967
-0.0935683738525
0.10936367089

-0.0243070769715

-0.605183362893

0.164414254383
0.157702369777
0.509742711847
0.0843772792251
-0.0329728957987
0.492063906438
-0.764090431574
-1.00976718064
-1.00230162432
-1.25231957628
-4.1634768233
0.107936148383
-0.0733250905515
0.190675265575
-0.26044977995
-1