-15.95
-4.65
-6.88
-12.95
-3.33
-5.58
-92.78
81.18
71.1
18.14





0.7
0.79
43.12
75.8
0.444010326934
0.404037567935
-0.642899395224

-0.642899395224
-0.75441960429
0.384181815089
0.0840528561252
0.264264264264
0.777412572614
0.621321227498
0.261289901145

0.384181815089

-1.25956726414

0.800946937383
0.790232042314
12.8115438108
0.49885433429
0.279384337326
2.70966492349
8.27831048419
12.134388412
12.0440417934
12.2920568562
-1.58709854037
0.462245126596
-0.291377708024
0.510847704987
1.43313143754
1