-1.08
1.54
-0.45
0.79
2.33
0.33
-4.92
74.09
65.23
15.14
53.68
12.84
6.85
0.09
0.7





0.99
0.99
0.74
41.58
71.17
135.91

3036.814815




33380.777778
0.0384615384615
-0.0254321671703
-0.0594285469916
-0.103417015342


-0.103417015342
-0.35431908402
-0.0270418194799
-0.0331142403016
0.0397862232779
-0.0155986338148
0.0242409339829
-0.193554410918

-0.0270418194799

-0.942761918563
-0.239760704447
0.000675301851792
0.000469242009508
0.0627647156912
-0.0193601153643
0.126830936118
-0.348525938238
-0.106657977626
-7.33298484056
-29.5022026432
-0.779741723175
-0.115285147666
-0.0351776017895
-0.0198293573738
-0.126361694109
0.103886257351
-1