-2.58
1.79
-0.78
-4.22
1.29
-1.28
-8.57
72.48
60.64
18.57
28.08
12.84
1.5


1.62
0.45
30.35
43.57
-0.00298171703617
-0.00680894757359
-0.132096799679

-0.175557049269
-0.0653162527556
-0.404726825035
-0.00765626058877
-0.0872121580953
0.000325888398197
0.0415176163224
0.0493007171865
-0.226389133111

-0.00765626058877

0.0789965752077
-0.372997733823
-0.067746108867
-0.0624700171003
0.000903696781076
-0.0914067449736
0.598875661376
-0.596819230941
0.0740756731862
-1.41215121092
-1.28538367779
-1.54367386163
-0.433853319063
-0.132834721416
-0.0289367278733
-0.661345678476
0.0696267825788
-1