-3.69
1.27
-1.47
-8.13
-0.56
-3.24
-15.41
70.07
58.54
19.71
4.91
18.17
12.98
0.1
0.7

59.81
108.24


0.66
0.66
0.7
39.86
66.29
143.26

1087.876833


4540.472141

11390.16129
-0.0554016620499
-0.0768196132314
-0.0696292087514
-0.139251314218

-0.16041250877
-0.0433225258607
-0.258138468592
-0.0781472398259
0.0817589278416
0.00948060934604
-0.181891158482
-0.169283654874
0.663255274456

-0.0781472398259

-3.14058986906
0.13182247633
-0.0185902913546
-0.0232827054192
-0.00215705131086
-0.0254452067634
-0.246574016567
2.89542936288
-0.0323358141331
-0.506693307556
-0.297167931524
-0.369137696747
12.5500185943
-0.0108905817648
-0.00216250134423
0.223291311148
0.115968608799
1