6.7
5.39
2.33
7.94
5.83
2.76
21.62
74.72
66.87
43.55
48.94




0.88
0.56
34.77
53.3
0.0415717117832
0.0385630016757
0.261460742459

-0.0742782580329
-0.0742782580329
0.0461572288527
-0.0288287545214
0.000110351378345
0.0879092336658
0.0919585988284
0.164222956748

0.0461572288527

-0.246707612355

0.140452346157
0.132677365836
0.183821748607
0.126488208379
0.12773154061
0.125599941176
3.22909081841
-0.35475155735
-0.344415767064
-0.129153221907
-0.0224883064422
0.126935875058
-0.00618915745664
0.00494582522607
-0.128783376623
1