25.19
11.97
6.73
12.46
7.73
3.33
4.51
29.33
8.95
6.69
4.49
10.09
10.31


1.03
0.5
26.73
36.47
-0.0458092309827
0.00568775006318
-0.0156316795759
0.0161970005972
-0.0362665636333
0.273307163886
-0.0398121710696
-0.0487926430952
-0.043219076006
-0.12091942804
-0.135278044222
0.30276996376
6.40375960567
-0.0398121710696
0.0306960112812
-0.886121318876

-0.00748551458625
-0.00748551458625
-0.0333378300809
0.060887575745
0.0504163951512
0.097904949427
0.128719268916
0.0836170900825
0.0920046756283
-0.269687092991
-0.133980894276
0.0884330057368
0.0683730903312
-0.0579019097375
0.00814616498965
-1