25.46
17.15
10.49
18.81
13.52
7.75
3.27
11.35
4.64
3.88
3.18
6.96
6.04


1.56
1.2
41.19
70.03
0.427245731255
0.225806451613
0.157574281539
0.0322847682119
0.124696749151
-0.145308924485
0.310617231936
0.340920983778
0.0
0.269104965804
0.296686746988
0.320918146384
-0.485714285714
0.310617231936
-1.17586206897
-0.0523094045632
0.401792885082
0.282082557617
0.282082557617
0.294577894775
0.192216671049
0.312087912088
0.0137434554974
0.340659340659
-0.0304606240713
0.0437158469945
0.0365591397849
0.115013169447
0.0679332181923
-0.0898658865678
-0.0300053544709
0.124508276078
-1