9.79
8.04
5.86
6.03
5.72
3.61
12.69
29.81
21.03
16.3
12.53


0.48
3.87
25.52
16.43
10.34


1.73
1.1
1.61
59.85

62.28
34.722543
273.635838


354.703276
15.352601
592.639692
0.247596153846
-0.0224036878939
-0.00922447416908
0.0642589768474
-0.036690896504
0.52769267028
-0.249716231555
-0.490812092472
-0.0184139141535
0.0862748569068
0.0
-0.163104669417
-0.254936726464
0.281155234657
-0.5
-0.0184139141535
0.0991860946337
-0.135981869084

0.0526405514583
0.0526405514583
0.0493962331687
0.060358645562
0.193640719308
-0.0294253259002
-0.531269971697
0.396543707378
0.353795460093
0.353795460093
0.19221753399
-0.0238935739034
0.00771809410369
-0.14100016785
-0.011618425389
1