
32.88
17.59

22.91
11.05
14.61
70.87
24.07
17.76
15.49




0.44
-0.08
-5.75

-0.0371464685988
-0.0328397465889
-0.110023046267
0.0549755721265
-0.0478697898289
-0.256081875845
-0.556738962045
-0.0488326499137
-0.540447417517
0.00933036247165
-0.0809456493838
-0.0535127190076
-0.140254342627
0.948442657157
-0.0488326499137
-0.24003401583
-0.162222047568

0.0952632872053
0.0952632872053
0.131013157865
0.0812136308117
0.173011930348
-0.123804295339
0.743129611134
-0.208723999836
-0.204809512303
-0.20440323045
-0.0890123934801
-0.0646968544575
-0.0140496563936
-0.0777486431431
0.205286333473
-1