
33.1
11.27

26.16
7.97
8.82
68.17
20.89
12.91
14.21
6.8
5.42


0.3
-0.1
-5.18

-0.121229073788
-0.0700865540505
-0.0552543260197
0.044506190894
-0.168799503487
0.689092762487
-0.11133023582
-0.199363616414
0.0154528432049
-0.342750310774
-0.361334950515
0.353132349797
5.35781459919
-0.11133023582
0.159946977
0.66837815311

-0.0564920695405
-0.0564920695405
0.0308631975569
-0.0924038112903
-0.0181832744157
-0.314316737688
0.22419369744
-0.4305199933
-0.361635319663
-0.359107674532
-0.134208952529
-0.181348880773
-0.0359117417498
-0.0383087951248
-0.00123774352085
1