28.01
16.93
14.2
18.03
11.33
9.13
40.43
70.79
65.76
45.62
46.15
12.33
12.74
0.39
14.4

10.72



0.91
0.91
1.27
50.68

78.53
573.489796
1418.45481


2047.198251

4039.470845
0.151006711409
0.293447506041
0.272962940108
0.311509311449

0.188604946881
0.330366920511
0.115716592727
0.294994431819
0.269713460132
1.02479338843
0.322405145312
0.323153880114
0.320537131109
0.0983606557377
0.294994431819

0.417128845817
1.16849919145
0.330160101485
0.330160101485
0.374373827437
0.312733932505
0.274187085998
0.335010299358
16.0100976102
0.193704600484
0.250374153524
0.250374153524
0.277073106916
0.328290880405
-0.0174261689796
0.0559730154871
0.0186507900358
1