33.92
20.5
17.39
21.11
13.14
10.82
45.53
72.61
68.21
35.55
60.99
3.78
3.48


1.07
1.35
51.26

0.254377216268
0.254640129551
0.727411913013

0.58301085239
-0.716023092152
0.295407525666
0.310236987478
0.0122448979592
0.237257115273
0.253460820484
0.458877010804
5.11533242877
0.295407525666

-2.20013182829
-0.551481528957
0.409014860337
0.409014860337
0.321143974922
0.44527403992
1.07523114117
0.0978058389327
-3.70803569662
0.586694932056
0.534270601666
0.534270601666
0.862139152472
0.461534013387
0.0362591795828
-0.66621628083
-0.318397052676
-1