33.81
19.69
16.48
22.69
13.65
11.06
44.24
75.32
70.23
52.61
47.31


0.42
16.41

17.46



1.94
1.94
1.19
48.75
95.11
84.22
539.219565
1218.926087


1594.917391

3271.88913
0.210526315789
0.4708438026
0.449743027634
0.730922323918

1.32311240178
0.687894847894
0.830052100654
0.516127634969
0.354439587056
1.01754385965
0.676979202886
0.667366783695
0.858297348805
0.530666666667
0.516127634969

0.613509006004

0.464091369604
0.464091369604
0.29110298371
0.531320932594
0.0702087605473
0.88123238224
0.342600537727
1.03579284307
1.01910294974
1.01910294974
0.473943603278
0.548321268908
0.0672295629896
0.393882609057
-0.266830954314
1