-0.22
0.97
-0.1
-0.44
0.83
-0.21
-0.43
26.65
22.43
0.48
21.06




1.95
1.43
48.11
92.72
-0.0504623099146
-0.0457434332089
0.431502413012
-0.00926407827626
0.216929225818
0.517180431651
0.520228069601
0.0779475339703
-0.032521660478
0.0
-0.1586429036
-0.23557104835
5.13907
39.4463196591
0.0779475339703
0.113197430646
-0.208753874464

0.196376778605
0.196376778605
0.162754991837
0.299804851184
0.0381351186853
-1.1024971949
-0.531167525449
-0.934859966444
-0.850394513984
-0.850394513984
0.332629191842
0.316233714792
0.103428072579
0.15824165992
-0.235125634408
1