30.25
20.7
12.31
18.15
12.87
7.39
6.03
30.53
8.08
6.35
5.35
8.45
14.82
3.25
18.25
4.86
4.59
33.14


1.54
0.4
1.83
40.71
68.67
54.61
22.453045
372.55198


74.237349
47.192607
182.350162
0.0855844155844
0.140672601661
0.181515564795
0.416538955762
0.197435868717
0.351506895965
2.85316828043
2.71791926485
0.283279269298
0.496047426066
1.11553784861
0.122643979491
0.0296987651175
0.19885458199
-0.160220994475
0.283279269298
0.26571544079
1.13520329532
0.57853251628
0.186353303845
0.186353303845
0.177044439016
0.208095915826
0.221589517214
0.15932426014
-0.795010735099
0.543030731539
0.543039188819
0.543039188819
0.362536800785
0.14497427663
0.0217426119809
-0.0352362133687
-0.230185651917
1