16.51
11.19
6.16
9.36
7.43
3.49
5.07
28.23
9.65
7.25
5.28
7.1
6.58
1.71
4.92
5.7
52.23
22.84

2.25
2.19
1.46
1.11
37.3
59.48
90.42
9.3839
185.006483


56.825609
47.578761
152.355385
-0.0167630740172
-0.0767304221293
-0.0748082306322
0.0125385006242
0.0137776203621
-0.0966476800879
0.106909476662
0.165471716296
-0.0218859501049
-0.150904080787
0.00294260854838
0.098986573674
-0.00455631713018
0.0489981413514

-0.0218859501049
-0.076152409727
-0.0160813720561
-0.0488638172632
0.0669887420192
0.0669887420192
0.0464966079416
0.122880169315
0.0930276975396
0.219265023684
0.785161341811
0.0732151071382
0.0910498959511
1.24028223869
0.49246360315
0.177267347738
0.0558914272962
-0.0260389555203
0.0544502413951
-1