-0.68
0.75
-0.07
-0.55
0.77
-0.06
-0.56
42.17
24.91
18.64
5.83
25.07
5.85
0.14
3.15
36.49
85.69
73.57


1.14
1.1
0.13
10.35
11.54
770.24
-3.148837
563.440698


460.956977
34.413953
4454.839535
2.22097378277
3.92048830012
2.6793021176
4.72338431895
32.5353535354
1.5308858704
9.23495269409
0.390551342488
3.99988515498
0.370695646461
979.004405286
6.34781447328
8.18200317125
5.20216312922
-1.0
3.99988515498
-0.0537758168681
2.66307390817

0.386196933288
0.386196933288
0.550106763141
0.210645432678
0.295408592135
0.118238557559
10.7701847634
-1.03717227179
-1.01077368527
-1.04911004871
-0.563391393126
0.197015221379
-0.175551500609
0.0907883411527
-4.33718738567
-1