-11.14
4.55
-0.78
-17.69
3.94
-1.24
-0.53
11.47
4.41
2.19
1.38




1.6
0.1
7.0
7.53
-0.0517816076753
-0.0833278042301
0.110165588675
0.134718056933
0.096297851665
0.0502845889151
0.0066187432193
-0.047129291111

-0.0396187050098
0.000263862839691
0.181614195788
-0.0196471809063
0.0066187432193
0.0694863708042
0.00881316696742

0.138535800268
0.138535800268
0.14431224396
0.0958351836002
0.0953601334526
0.0978540646281
0.217055230021
1.20412885939
0.0312067640277
-0.358385307999
0.742876765727
0.0758771710117
-0.0427006166677
0.0431756668152
0.0283702115929
