
62.94
17.87

53.74
11.64
5.82
27.45
15.65
13.69
5.75
8.64
10.89
4.54
1.7
58.55
17.53
14.38


1.7
1.54
-0.82



7.892381
135.725143



3.507238
44.170857
-0.16
-0.149174523514
-0.11766620555
0.120630988796
-0.0236252055674
0.0137918943401
0.20234448148
2.99964739069
-0.019802859051
-0.017595554633
-0.0452261306533
-0.00511043915333
-0.00019181461909
-0.147879298949
-0.977795193312
-0.019802859051
0.117090335497
1.0379374781
-0.237958917342
-0.0258095387834
-0.0258095387834
-0.0183846428463
-0.0448988658722
-0.0904451572234
0.00577587540612
-0.189308353391
0.491567522814
0.424713584288
0.424713584288
0.19348592062
-0.00747630279026
-0.0190893270888
0.06463561844
-0.146440527579
