32.79
25.51
15.53
24.13
19.22
11.43
10.68
34.11
13.59
11.0
10.44
11.9
24.53

1.9
1.47
2.65
47.36
89.97
0.146999441938
0.148312347966
0.199925187699
0.313753142036
0.19844625414
0.214881122572
0.173432722427
0.14245741603
0.0
0.0827016136451
0.28368575551
0.275308515043
4.1470723131
0.173432722427
0.275547421053
0.0653183550333
0.0381226360835
0.132501577322
0.132501577322
0.156764530711
0.0883947578499
0.0852844119346
0.0949851650518
0.723004694836
0.0829637304604
0.139146076927
0.139146076927
0.131497624388
0.0975965101395
-0.0441068194725
0.0472171653878
-0.0674236103763
1