7.96
7.36
5.67
5.76
5.47
4.11
7.77
36.07
13.58
8.27
10.95



7.71
3.63
6.21
71.27

0.0627750622694
0.0626179189938
0.108993097493
0.0546044864227
0.297962037551
-0.0870742161065
-0.3803003003
0.0912499415848
0.0837277795309
0.0
-0.190847670126
-0.267171189979
0.476214646251
-0.231366459627
0.0912499415848
0.0699481299879
0.0131838380271

0.00951261514911
0.00951261514911
-0.0391779149427
0.109119165233
0.0979295107088
0.148501191521
-0.628252788104
0.325479325479
0.39347558932
0.39347558932
0.243118560664
0.135413522487
0.0996065500837
-0.0884168955597
-0.0994804823437
1