55.88
24.31
12.17
38.08
17.39
8.29
15.98
18.14
18.14
11.14
17.9
7.64
5.97
1.36
5.85

27.14
11.35


0.53
0.53
0.64
21.78
27.84
260.92
31.651786
198.026786


56.642857

260.071429
0.0275229357798
0.14383000512
0.0468475502635
0.22016534867

-0.156407669021
0.428531546622
0.0920138888889
0.160755559098
1.66330814442
0.0
-0.384064237183
-0.580942470641
0.964428089543
6.32035595106
0.160755559098

5.28705636743
0.0135707591537
-0.0295353111053
-0.0295353111053
0.000110174626783
-0.144011912359
-0.120543293718
-0.158145875937
5.36094674556
0.142442797293
-0.00535199670646
-0.00535199670646
-0.0538608198284
-0.144011912359
-0.114476601254
0.0910079826129
-0.249700659775
1