20.14
16.85
12.58
12.4
10.47
7.75
6.21
28.11
7.57
5.79
5.61
1.82
4.59


2.67
4.74
62.47

0.611499880265
0.649428434527
-0.0138633232235
0.10221379087
0.731409946886
-0.173191790517
-0.233039480958
0.140684823188
0.157245868028
0.0185688853724
0.228856924131

0.0605147331211

0.140684823188
0.0710408198393
-0.0535212116343
-0.607926226938
0.0989437555705
0.0989437555705
0.132734245642
0.0210651694799
0.0962060330466
-0.192555156185
-0.136409662954
-0.188948869707
-0.178556153
-0.178556153
-0.0849680789321
-0.123756177924
-0.0778785860906
0.0027377225239
0.112807078794
-1