5.25
4.47
2.51
5.35
4.52
2.57
14.77
47.98
40.75
23.64
32.17




0.68
1.0
47.92
92.03
0.0569819926269
0.0495509609074
0.184763917376

-0.557552248258
-0.557552248258
0.0603091140138
0.0596681577456
0.215557491225
0.0615509351924
0.0784265367779
0.053665025496

0.0603091140138

-0.147735953149

0.11106574654
0.0703572498835
0.176021126047
0.0482878515572
0.160392184792
-0.046541330131
0.0857351687173
-0.111604441169
-0.111604441169
-0.0656657052331
0.0323798140685
0.0229409749914
-0.0220693983263
-0.0900349349087
-0.114406667493
1