2.78
3.57
1.03
1.72
3.16
0.63
6.4
77.76
43.57
19.07
28.44
10.89
2.51


0.76
0.63
36.98
58.68
0.00459870792292
0.0427492507588
-0.0202683335755

-0.530700658169
-0.530700658169
0.00377213151534
0.0341763171569
0.365742318187
-0.00806190765639
-0.00914406712908
-0.0798815233994

0.00377213151534

-0.23147121961
-0.272276063787
0.10277204693
0.10277204693
0.0203971928836
0.128841136056
0.347793730096
-0.247454740307
0.0976692408404
-0.53623714813
-0.475981390823
-0.768602372944
-0.276003011503
-0.0844706869293
0.0260690891264
-0.245021683166
0.123040380506
-1