-8.42
-1.35
-3.37
-11.46
-2.62
-4.59
-22.72
80.23
36.47
-11.57
17.11
16.27
6.81


1.12
0.71
40.05
66.81
-0.0612385205827
-0.0416814906999
0.276906552955

-0.245368718308
5.53834546423
5.53834546423
-0.0502678301048
0.0285954489052
0.000742553105807
-0.0940006915362
-0.0988915101508
-0.131739424735

-0.0502678301048

-1.45645169672
0.0959590972359
-0.124009325893
-0.124009325893
-0.221486312195
-0.0961243855036
0.370290913748
-1.53175582031
-0.229220750228
-4.11140446174
-3.78801629394
-7.87537158907
-0.473077983072
-0.26667655924
0.0278849403895
-0.494300239641
-0.400915878849
1