
53.71
24.72

40.76
18.13
25.64
70.34
32.35
28.9
22.25
9.39
11.87


0.88
-0.46
-42.63

0.11188496967
0.00941619585687
0.0916930152343

0.262820512821
0.357490864799
0.103026481715
-0.129566942921
0.0
0.0663538000261
0.0635850934424
-0.0543753439736

0.103026481715

-0.532204983545
0.0454860219051
-0.022765452123
-0.022765452123
0.0407738714375
-0.047286448298
-0.0609805238415
-0.0269407303931
-0.114147909968
-0.0145819093188
0.030556449019
0.0285343709468
0.022894521668
-0.0248391708363
-0.024520996175
0.0382150717185
-0.114458467357
-1