
71.78
27.67

52.52
19.45
25.42
72.15
32.42
29.03
21.25
8.76
9.54
2.55
10.57

96.3
13.14


0.77
0.77
-0.56
-54.02


89.571429
352.306122




323.673469
0.0
-0.0534821903243
0.0556660039761
-0.0313239593485

0.036355475763
-0.141914191419
-0.06598407281
-0.0438871473354
0.946603044763
0.0
0.290436537976
0.247654525386
-0.00164835164835

-0.0438871473354

0.109546165884
-0.137875111337
0.0794772386193
0.0794772386193
0.11686802974
0.0657084188912
0.0367636819384
0.111826048369
1.54918032787
0.0295566502463
0.0702237521515
0.0411883862255
0.0703033838973
0.125276493063
-0.0137688197281
0.0427135566809
0.110801197968
1