10.19
9.77
8.04
4.34
4.2
3.43
5.85
20.51
12.39
4.5
10.38




2.88
19.51
78.92

-0.0558034704538
0.167340959821
0.23854394221
0.516159163086
0.242789397062
0.616212324636
0.0688442149382
0.0594458147063
0.00549416630656
-0.0726740360574
-0.4109106287
0.158414488963
-0.339658899832
0.0688442149382
0.284860731947
0.285857509147

0.0977339707305
0.0977339707305
0.130639993586
-0.01354065208
0.305561704954
-0.472079479274
-0.166375347964
-0.423486555737
-0.614476736253
-0.592867376177
-0.0129763110343
-0.041430440471
-0.111274622811
-0.207827734223
-0.140809971479
-1