3.63
3.77
1.7
3.22
3.56
1.51
3.63
18.34
14.87
4.22
13.86
23.62
30.35


2.51
1.01
46.82
88.03
-0.0484667484651
-0.0468623758635
0.0827907784268
0.0884661522041
-0.11797831902
1.73389651531
0.323446327684
-0.0275859756001
0.0218467077164
0.013698630137
-0.0723617782945
-0.0528052805281
-0.0328028490346

-0.0275859756001
0.00783549376918
0.175746727822
0.108292742998
-0.0122353896624
-0.0122353896624
0.0332374175567
-0.174031211643
0.0225521518512
-0.497525900727
-6.52525252525
-0.573453444283
-0.487081174439
-0.487081174439
-0.196535851802
-0.233012960048
-0.161795821981
-0.0347875415136
-0.0950261680892
1