35.59
16.4
12.92
24.1
11.8
8.75
19.26
26.03
23.46
17.48
19.03
10.95
14.74


1.8
0.67
36.3
56.98
0.163968207611
0.080186166141
0.0892638054479
0.251039184874
0.593958756898
0.101365088586
0.150617144151
-0.257046109668
-0.0939457202505
0.912343228083
1.0
-0.0264107976005

0.150617144151
0.0641130388811
0.279789586033
-0.177243075271
-0.187389215753
-0.185030516836
-0.0522916257168
-0.421698247445
0.0534572062813
-0.52619873355
-0.518565203299
-0.525502155852
-0.517585757707
-0.517585757707
-0.41237886479
-0.444448305382
-0.236667730609
-0.238487723117
-0.274294322284
-1