8.7
6.13
3.88
6.41
5.03
2.86
8.4
21.94
19.15
8.29
17.04
16.35
18.01


2.24
0.92
44.55
80.35
-0.0436208821104
-0.0545036237084
-0.0799221829841
-0.0111336316001
0.123359164953
-0.762844859969
-0.920440498932
-0.0495861880173
0.055676710446
0.0045871559633
-0.146794595121
-0.146478873239
0.11883453439

-0.0495861880173
-0.0298225229535
-0.19493128231
0.0508764413094
-0.218308329714
-0.218308329714
-0.231652263911
-0.166823582884
-0.018069417319
-0.333081246455
-0.876311844078
-0.368042712639
-0.306819270185
-0.306819270185
-0.142640543679
-0.181239889227
0.0514847468294
-0.200238912395
-0.13838614673
-1