6.12
5.21
2.31
6.0
5.16
2.26
15.78
70.84
65.68
34.38
46.77
14.94
12.41


1.06
0.63
37.72
60.56
0.0178173165266
0.0193649093414
0.07344963129

0.0241477272727
0.153036093418
2.62457337884
0.0192984808057
0.0819759517087
0.0
-0.00286963786957
-0.00515601731801
-0.231273825437

0.0192984808057

-1.20686427457
0.0654673795007
0.022854192507
0.0238804196012
0.0634799720688
0.00701890402824
0.0528722923054
-0.037447403051
0.11159676692
-0.168734339669
-0.168734339669
-0.170380282567
-0.0320132568025
0.00447216873564
-0.016861515573
-0.0289918727042
-0.0495692116888
-1