104.01
31.96
24.65
62.32
19.3
14.77
21.99
66.23
22.45
21.49
14.14
24.48
22.13
1.44
80.49





2.6
2.6
0.44
23.7
31.07
229.38
250.103882
1137.565582
29.24
332.594963
240.470094

1014.513116
0.09666283084
0.131055746536
0.221074668528
0.831398859888


0.831398859888
1.10424034252
0.446929414318
-0.538419086176
-0.0668016194332
11.5490355233

0.633074517416

0.446929414318

0.9814808338
0.492116685415
0.257373630529
0.255254334505
0.860167467761
0.0790721091707
0.209597861379
-0.11891108808
-4.94460641399
-0.0937369297572
-0.0970906399099
-0.103942225039
-0.126278715899
-0.132026698423
-0.176182225335
0.0456564731267
-0.576144525383
1