52.97
51.24
39.36
32.1
31.99
23.85
30.5
77.17
32.53
30.66
20.35
14.24
15.98
1.6
20.57





2.32
2.32
11.85
74.3

8.44
302.649022
992.168009
28.37
281.495972
571.329114

768.924051
0.147952443857
-0.223309131947
0.684033218427
0.308859231207


0.308859231207
0.412025493719
-0.0488923113712
0.0423875069285
-0.0237154150198
-0.657858840634
-1.0
0.250464751153

-0.0488923113712

0.356807288948

0.144745908985
0.148634389077
0.0765805682278
0.166594490156
0.179866656467
0.147023476378
-1.47375690608
0.126911557397
0.128024306725
0.149027439332
0.188363493525
0.171356139611
0.017960101079
-0.0312322673896
-0.16022484213
-1