4.79
4.94
2.7
0.27
1.84
0.15
3.23
65.23
10.56
5.59
5.15


1.01
3.43
7.29
40.23
23.96

9.34
1.88
1.23
2.17
56.45

46.04
5.788462
179.134615


120.788462
32.653846
213.980769
0.04
0.00539665407447
-0.0390662220105
0.0202665186008
0.0597510373444
0.0676923076923
-0.0457102672293
-0.199672667758
0.0102596695115
-0.0110218863171
0.0255591054313
0.024805102764
0.0441751368256
0.0613796849538

0.0102596695115
0.126741871267
-0.022714366837

0.0825101685067
0.0825101685067
0.0272756105297
0.114453411592
0.321360608944
-0.582532051282
-0.3125
-0.675646551724
-0.978481012658
-0.978481012658
-0.610073111292
-0.417406749556
0.0319432430854
-0.238850440437
0.0622436499059
1