17.94
16.39
11.1
13.53
12.59
8.37
13.73
70.37
21.23
16.2
15.39
11.35
12.24

11.21
1.54
6.2
61.86

0.0673937360179
0.0713615023474
0.103085026336
0.0738916256158
0.0385650224215
0.143884892086
0.0459518599562
0.0826114854026
0.114224713104
0.0238805970149
-0.503318584071
-0.738448495125
0.680371352785

0.0826114854026
-0.000977039570103
-0.324492468893
-0.0579092548052
0.0521697203472
0.0521697203472
0.0205176767677
0.0660927520133
0.107551058647
-0.0525469168901
0.894366197183
-0.130586186883
-0.134099616858
-0.134099616858
-0.103577148959
-0.0480887792848
0.0139230316662
-0.0553813383
-0.0509153059884
1