16.91
12.46
9.49
11.49
8.85
6.45
11.7
68.09
24.5
18.87
13.58



9.92
2.65
2.0
56.14

-0.0406602254428
0.000991571641051
0.399183673469
0.0297572435395
1.07516580693
2.65235173824
0.104610407118
0.0985511861169
0.0218068535826
0.192600276625
0.183451890678
-0.00614124872057

0.104610407118
0.0123674911661
0.859384079024

0.07128287708
0.07128287708
-0.0169805495523
0.118334430546
-0.115751575158
2.61420345489
2.25454545455
2.87707641196
45.6470588235
45.6470588235
1.82291666667
1.48475609756
0.0470515534664
0.187034452237
-0.327900796389
1