20.68
9.15
6.56
13.56
6.7
4.3
17.13
91.81
29.64
20.78
20.09
8.34
5.54


0.84
0.52
31.72
46.45
0.0502935241068
0.0464569006628
-0.327274387222
0.113196058895
-0.687653947185
-0.896342695494
0.0135679386459
-0.0618528459047
0.00286524170689
0.0196215079266
-0.0391270322273
0.4144922224

0.0135679386459
-0.0175093150768
-1.30780800485
0.164653887357
0.0464656067648
0.0464656067648
-0.133389455233
0.0661944126446
0.0490497495869
0.129265752063
0.214520974339
0.112599322168
0.14639547372
0.028622754491
-0.0107933544694
0.0664686310856
0.0197288058798
-0.00258414282217
0.373739993987
-1