16.31
12.63
6.68
10.6
8.44
4.34
3.59
14.03
4.89
3.86
3.36
5.22
11.97
3.34
19.25
35.14
76.18
30.64


1.46
1.34
2.75
40.97
69.39
36.44
8.05408
224.53836


49.38936
34.79124
120.56304
0.0416666666667
0.389550862486
0.147243694634
-0.021974914237
0.319909775182
0.0888281250716
-0.233189145141
-0.280675148698
0.0938232841307
0.0709410612667
-0.0130434782609
0.212297918356
0.0142276960525
0.0796739512241
2.11247443763
0.0938232841307
0.0937298410674
-0.189610792703
0.0478903710037
0.156948346367
0.156948346367
0.172286266417
0.0710964078549
-0.248824215826
-9.77710282266
3.48294957738
-8.15943677997
-2.52242927843
-2.5091070584
-0.0641216065175
0.0417807620878
-0.085851938512
0.405772562193
0.178923260604
1