27.45
22.52
15.96
16.46
13.77
9.57
24.89
87.28
27.98
24.9
18.0



29.79
2.29
3.91
58.12

1.20589091615
1.55095447871
1.49233709994
0.503619001277
0.974965749159
1.10552708437
1.37466610852
1.31802735323
0.272727272727
2.37421443535
1.98685964578
1.13827135879
0.756392045455
1.37466610852
3.76082377721
1.85945629328

0.168676542605
0.168676542605
-0.30758537107
0.29885807822
0.0436044601196
2.35462244178
-1.00133019544
0.800890615377
0.444057273188
0.444057273188
0.422076242694
1.8705408129
0.130181535614
0.125072082486
-1.32366055733
1