17.21
14.32
12.04
12.91
10.74
9.04
17.68
82.43
19.23
17.1
15.39
8.45
14.01
0.81

17.36
84.14
26.31

31.77
3.54
3.3
4.94
69.98

22.63
63.667178
360.101227


369.937117
78.579755
528.66411
0.11073253833
0.0940819863525
0.057582466949
0.267694440992
-0.262155525239
1.20768457051
0.143236074271
0.125184480666
0.185361844368
0.209933332999
0.0333333333333
0.30389117537
0.250229581188
0.0125876973769
-0.0731434058899
0.185361844368
1.05544411458
0.407086359315
-0.48945745136
0.314929937162
0.314929937162
0.418864550738
0.294708743385
0.282970571997
0.341597888195
-0.347555129434
0.296691968888
0.33004309049
0.505850498018
0.40736702749
0.292696194921
-0.0202211937768
0.0319593651645
0.0472354961695
1