9.55
6.53
3.35
6.04
5.17
2.12
10.36
85.47
27.9
18.34
16.11


0.36
2.32
11.42
30.39



1.08
0.78
0.63
35.06
53.99
157.94
44.144536
426.227967


462.292597

1318.484136
-0.0046783625731
0.0730059281919
0.0412141861184
0.289426015447
-0.00880039945076
0.527053308732
0.415883657095
0.265761473718
0.091958553398
0.0375309879213
0.015099626401
0.0541978694947
0.0200041508613
0.816326875327
-0.976079237526
0.091958553398

-0.723962055747

0.178856503991
0.184613058654
-0.00238428641714
0.216439990268
0.28386344941
0.0203227092856
-0.0204661547309
0.0541571961725
0.0665298443646
0.0878798974735
0.122690076453
0.0607076974677
0.0318269316143
-0.0992503907563
-0.104812956793
1