9.4
6.67
3.47
5.76
5.25
2.13
11.58
82.83
31.01
21.19
16.92


0.32
2.25
9.6
23.46



1.52
0.98
0.64
36.9
58.48
158.2
41.680702
359.869006


443.48538

1201.8
0.0376213592233
0.00817027902395
0.0107045396116
-0.0541236571573
0.0981494174092
-0.0862988107714
-0.139046060854
-0.0392126945377
0.00238905852169
0.000934465955346
0.0288276745676
0.00116573487179
-0.0255267511873
0.0243619690285
15.880126183
0.00238808066796

-0.175607273896

-0.0547364863827
-0.00128672246841
-0.10642543118
-0.0432601880878
0.002468587619
-0.15533502617
-0.0829533116178
-0.207238671501
-0.205867372925
-0.258157617738
-0.120760708012
-0.107877881154
-0.0419734656194
-0.00375531008741
0.0528369346889
1