13.94
9.28
5.45
12.43
8.55
4.86
4.38
13.62
8.02
5.94
5.98
6.66
4.44


1.05
0.92
39.12
64.25
0.224042287473
0.241850649351
0.0243580635339
-0.156947444204
0.959526159921
1.05567928731
0.17961340439
0.498313535709
0.340416591632
0.0599531839679
0.126124161988
-0.00998661587563
0.0
0.17961340439
-0.075208466966
2.40714285714

0.00495607466535
0.00495607466535
-0.0369812096401
0.388227927364
0.118594763929
1.016154247
-0.00681596884129
2.19394618834
2.19394618834
2.86605783866
0.908288376655
0.581338988185
0.383271852698
-0.113638689264
-0.0194019888686
-1