25.27
11.82
7.24
16.9
8.87
4.84
11.13
49.58
18.39
15.28
10.56
9.25
9.41

2.26
1.83
0.55
28.66
40.17
0.0615583524631
0.0333931777379
0.0488454706927
-0.010821227394
-0.122616984402
0.511655011655
1.09871495327
0.0571286124435
0.768844725484
0.1
-0.0669326625611
-0.116238656111
-0.148490857017
-0.0471698113208
0.0571286124435
-0.0671708851281
0.452864230943
-0.08954942994
-0.0764719464327
-0.0764719464327
-0.0651740601678
-0.0876845930901
-0.0904209479616
-0.0814792543596
-0.136979166667
-0.0589602704987
-0.095657455208
-0.095657455208
-0.0924134966688
-0.0820019970045
-0.0112126466574
0.0139490015289
-0.125317417125
1