59.74
18.86
11.93
44.83
14.53
8.95
12.37
54.2
17.65
13.53
13.4



2.63
1.52
0.41
19.97
24.95
0.0335795836132
0.0062749572162
0.107473252353
0.0675801207617
-0.241188847975
-0.36716937355
0.0672010541342
-0.279455445545
0.0
0.191375564098
0.159807355517
0.247972508591
0.0
0.0672010541342
0.33553947976
-0.0907680372382

0.259888017917
0.259888017917
0.0816120906801
0.463754200672
0.505527770466
0.351082712105
-0.256235827664
0.463804713805
0.53619776339
0.53619776339
0.488739628605
0.360372704851
0.203866182755
-0.245639752549
0.152414765564
1