12.46
9.68
5.04
8.63
7.45
3.49
4.25
21.2
8.89
6.54
5.3
8.71

1.7
4.58
6.04
89.35
46.28


1.75
1.1
1.39
40.42
67.85
73.82
10.022674
235.655814


80.411977
67.233953
198.92907
0.102564102564
0.0882975827526
0.129576903271
0.351335398706
0.432743272193
0.430664345808
-0.180134203886
-0.454280799259
0.21417616445
0.27567658306
0.0424628450106
0.0611210285088
-0.018418820753
0.310709198299
0.187980945401
0.21417616445
0.498878845301
0.409872145722
0.341536529214
0.347075456272
0.347075456272
0.393712235188
0.198033276998
0.106447887954
0.470900938894
0.716116130944
0.365963043961
0.320415837204
0.320415837204
0.160044507821
0.311063260199
-0.149042179275
0.240627568319
-0.00425994243407
1