20.13
13.39
10.53
12.89
9.01
6.74
27.79
78.75
46.55
30.23
34.12
5.73
4.94

0.71
0.99
1.54
52.28

0.049530977093
0.0965324195996
-0.198175544017
-0.326361924619
-0.210441594548
-0.0709629035611
4.75578659786
0.00734067135597
0.0391749290489
0.00134228187919
-0.04282429237
-0.26858382105
0.020897822196

0.00734067135597
-0.248679963708
-1.03877689183
0.41631616244
-0.0818976231906
-0.0818976231906
-0.129969810162
-0.0680039042473
0.0670235761784
-0.22537308653
-0.254998938654
-0.222662819104
-0.203749436963
-0.203749436963
-0.0370722358953
-0.106603631538
0.0138937189433
-0.148921199369
0.116277920826
1