20.98
17.09
13.88
13.15
11.31
8.7
11.35
29.58
15.41
12.56
9.96
8.27
13.31
1.36
10.59
6.82
29.11
15.76


3.08
1.34
2.81
66.16

35.79
10.397149
91.604731


49.569638
16.823437
74.922137
0.0727731092437
-0.0274865603401
-0.0116922401768
-0.0437916127607
-0.0387975996859
0.134313678453
-0.32878250163
-0.741558441558
-0.0327123124751
0.0641296853717
0.0
-0.154216595921
-0.135498853434
-0.230046434546
-0.943889845095
-0.0327123124751
0.030042589111
0.0822803564247
0.768100111857
0.0452558737355
0.0452558737355
0.0307086929531
0.0816004903034
0.136041837946
0.0156792257172
-0.15082595164
0.0374232073908
0.026247625626
0.026247625626
-0.00205662576267
-0.000554717316056
0.0363446165679
-0.090785964211
0.0890474864962
1