-4.47
-2.47
-2.99
-11.22
-7.49
-7.51
-2.24
26.69
12.02
-1.73
8.13
3.97
4.78
1.49
-3.0
5.77
35.42
15.24


4.15
1.85
2.91
66.92

34.49
-2.237663
100.073509


50.035298
22.945682
74.773818
-0.0671355498721
-0.223597057242
-0.0731674238828
-0.0191853362681
0.0263467586487
-0.204917125543
0.577716919377
1.73681108164
-0.149573890488
-0.162055676239
0.0
-0.109301047631
-0.160125675229
-0.153320727048
-0.176470588235
-0.149573890488
-0.0515546426801
0.0326957378371
-0.439475266067
-0.0435318779581
-0.0435318779581
-0.00998018300085
-0.124976845745
0.621189180741
-1.13299023489
-0.502752293578
-1.18713190514
-1.73487328998
-1.73487328998
-0.193208649714
-0.220677555825
-0.0814449677868
-0.664721058699
-0.02434654169
1