17.06
9.53
7.22
10.85
6.39
4.59
10.98
36.06
14.83
11.32
10.51



1.72
2.0
1.02
42.3
73.33
0.135331396884
0.0068166325835
-0.0172332389046
0.109215017065
-0.0477528089888
0.0138888888889
0.0806096528366
0.133053515215
0.0
0.0279992222438
0.125151883354
0.0914826498423
-1.0
0.0806096528366
0.0378469301934
-0.105826906598

0.0148856347574
0.0148856347574
-0.00795559666975
0.0580825752274
-0.0507776761208
0.412202380952
-0.828220858896
0.809430255403
0.733727810651
0.733727810651
0.347094801223
0.259109311741
0.0431969404701
0.0656633108781
0.032118873662
-1