11.64
5.74
3.72
11.88
5.83
3.79
4.99
39.8
15.73
11.99
8.82
3.17
4.45

1.3
1.73
0.65
31.95
46.94
-0.073320380407
-0.0403100775194
-0.131600324939
0.0312944523471
-0.207040572792
-0.126915520629
-0.409442724458
-0.0928381962865
-0.103136181856
0.0
-0.101796407186
-0.314113124657
-0.0487711213518
1.66666666667
-0.0928381962865
-0.0354879594423
-0.224568965517
-0.31163428963
0.13733119707
0.13733119707
0.104689807976
0.190547862733
0.213438735178
0.140669856459
-0.107692307692
0.871698113208
0.906976744186
0.345744680851
0.560498220641
0.269699431357
0.053216665663
-0.0761075381076
0.268931522009
-1