10.74
7.55
4.81
6.17
5.45
2.77
18.98
40.83
32.85
29.37
14.39
10.87
8.89


2.75
0.85
44.83
81.27
0.017648965463
-0.0306126943576
0.0684955410854

0.173359158683
-0.183940418075
-0.32829319893
0.0209099294481
-0.122638772066
-0.0560747663551
0.175983095822
0.17146940614
0.210801842263
0.0526315789474
0.0209099294481

0.00120390660931

0.0181334370853
0.0181334370853
0.0468196066912
-0.0207592257163
0.749400937663
-0.164300924937
0.687294491447
-0.34518559209
-0.388661743286
-0.387692857416
-0.32794893852
-0.151993282324
-0.0388926628017
-0.731267500577
-0.0503621040001
-1