14.39
9.46
7.51
8.85
6.51
4.62
29.51
42.45
39.44
35.78
21.81




3.12
1.14
52.17

0.0168793491972
-0.0441345192358
0.0324578039067

-0.0180492973028
0.178362033998
0.356889564336
0.017864326564
-0.110793084443
-0.119341563786
0.202416946477
0.194473356937
0.364548364431
0.117647058824
0.017864326564

-0.074096340272

0.0197045730951
0.0197045730951
0.012883845671
0.0291001577686
-0.103852856965
0.0583653589264
0.205442237463
0.0316297369721
0.034799164397
0.0360552132639
0.0366272541119
0.0565837557468
0.00939558467342
0.12355743006
-0.0127532308116
-1