-824.68
-103.23

-733.15
-90.87
-89.14

56.61
30.43

45.33
5.91
1.7


1.98
0.16
12.16
13.84
-0.561040929716
-0.0221710646629
-0.584943152427

-0.681310598462
-0.260521019035
-0.565945270937
-0.890403003907
-0.1
-0.281781333731
-0.160415484822
-0.09463873055
-0.0687732342007
-0.565945270937

-0.732693905785
-0.516826071757
-0.0708309671021
-0.0708309671021
0.0119769496426
-0.125659740225
7.25199263527
-9.50014338973
-0.296214907167
-28.4528328023
-14.2092484384
11.258645082
-6.12417282989
-0.203900110338
-0.0548287731232
-7.32282360237
0.514112185325
1