-121.2
-15.54
-9.03
-91.41
-3.89
-6.81
-19.43
76.35
57.72
-2.27
45.34
5.01


8.48
0.07
0.64
7.45
8.05
-0.0360848161551
-0.0473826677332
-0.317044566067

-0.168270963093
-0.775383574007
-0.0590165624356
-0.439845052466
0.00680272108844
-0.848048519419
-1.0
3.84802574035

-0.0590165624356

8.34933376666
0.0196709366822
-0.21642409859
-0.21639741163
0.0243739362995
-0.269615912393
-0.367474287573
-0.8851590357
0.128745223283
-0.444236605064
-0.346982677756
-0.346982677756
-0.212308757761
-0.041779471862
-0.0532185007626
0.151076875943
0.100647154437
-1