9.8
7.42
4.75
7.96
6.5
3.86
47.56
92.86
85.64
70.89
53.38
9.72
6.7


1.06
1.0
48.5
94.17
0.18269499639
0.0563757835204
4.50342781806

2.30138431114
2.30138431114
0.212877590274
0.267430173639
0.197149643705
0.161999725322
0.167492860208
0.227745880596

0.212877590274

-1.09330128923
-0.0813693151518
0.178651061582
0.0441533968756
-0.047319571943
0.2005313585
0.127636760635
0.225076312075
0.129373908247
0.27821337417
0.27821337417
0.251799977846
0.21811562798
0.209123966233
0.156377961624
-0.0834833637591
-4.45927442119
-1