7.26
6.62
3.98
5.28
5.49
2.9
41.18
91.55
80.26
65.29
44.91
14.68
11.93


0.51
1.31
54.84

0.093252913071
0.18381959967
-0.0422352176738

0.295733394083
-0.491053677932
-0.491053677932
0.0905304968941
0.0885194946981
0.0644628099174
0.0727485178413
0.043591201509
0.41527917928

0.0905304968941

1.824555384
0.384633922629
0.128980497657
0.135810204142
0.192503493711
0.123458771877
-0.450435322923
0.937457376378
0.0890276424842
2.56271030896
2.56271030896
-4.81404567773
4.96809960066
0.635678518679
-0.0123514322655
0.586245527065
0.178045421816
-1