30.78
16.43
12.22
19.49
11.12
7.74
23.37
58.9
33.31
26.38
21.73
13.26
15.08


0.78
0.89
39.71
65.85
1.14397398644
0.602841260037
0.231170336037

0.208333333333
0.286852589641
0.203539823009
0.967999553222
0.669490514258
0.0115929583512
3.25971922246
5.70040253019
-0.0604707095001

0.967999553222

-0.485436893204
0.302941766391
0.191877384725
0.191877384725
0.209131545338
0.180128274812
0.238941711451
0.114881907819
1.74752475248
0.0355854772782
0.015664845173
-0.00655737704918
0.120626924153
0.183079591443
-0.0117491099123
-0.0470643267262
-0.0392929513123
1