47.63
27.74
21.33
30.05
18.35
13.46
27.07
58.83
34.92
29.24
22.77


0.94
11.85

53.87
1.47


0.95
0.95
1.15
44.79
81.12
87.37
84.934783
313.782609


178.326087

398.152174
0.0454545454545
0.233381043257
0.133767172813
-0.064085447263

0.107124551512
-0.383732057416
-0.280230326296
0.176149499101
0.566653934301
0.0175824175824
0.242760534073
0.163864491844
-0.355438826877

0.176149499101

-0.910362364908

0.134035197989
0.134035197989
0.122167673716
0.142491926803
0.162493195427
0.122937732837
-4.32978723404
0.0142782969886
0.0387694900969
0.050276949297
0.034309096632
0.0987358326068
0.00845672881433
-0.0284579974386
0.198120645252
1