4.38
4.2
1.16
2.46
3.67
0.65
6.88
52.79
42.93
23.8
23.0
19.53
15.49


0.63
0.38
26.5
36.05
0.685783770319
0.732955938529
1.98144740414
-0.0720805791627
2.20539369946
5.85992338751
0.7067513834
3.08019644981
645.490322581
0.423952862967
0.616995029439
0.237686157705

0.7067513834

-0.374442714786
0.579200277859
0.138991183049
0.137583563471
0.0966780473573
0.179698315589
0.499609309839
-0.0636251936535
0.0934383605226
-0.307929898807
-0.307929898807
-0.406189706419
0.199838853915
0.127579243912
0.0421147521179
-0.362025746368
-1.84386384067
1