20.67
12.69
9.32
14.61
9.51
6.59
19.29
58.12
30.72
22.25
22.1
9.44
9.34


0.85
1.1
45.1
82.14
0.0781696198177
0.115263709396
0.178066704353

0.574701195219
0.77147766323
0.089010213784
0.220054861323
0.000422832980973
-0.106018774158
-0.16548762001
0.547798742138

0.089010213784

-3.1061452514
0.103511024372
-0.0538156153507
-0.0538156153507
-0.0343947333065
-0.0673337697559
-0.0234808821196
-0.130296127563
-0.219662058372
-0.114736560578
-0.119654766575
-0.142595307918
-0.0807272727273
-0.0891653706584
-0.0135181544052
-0.0303347332311
-0.231882319703
1