5.29
5.46
2.23
7.53
6.42
3.17
19.81
74.3
62.87
43.92
47.15
18.71
15.79


0.76
0.75
42.12
72.78
0.0546480585927
0.0379315812444
-0.175746733886

-0.197090343052
-0.158090238225

0.0505412424056
-0.0105284991109
0.00686813186813
0.109624650472
0.111421802897
-0.129971637041

0.0505412424056

0.0517593887873

0.0868020823608
0.0868020823608
0.0580222592649
0.0971270825027
0.0297458085452
0.149130411516
0.371100928101
-0.0400444056776
-0.0346522876854
-0.610482891131
-0.469250924429
0.150096153127
0.0103250001419
0.0570562738157
0.262548816247
-1