73.57
38.18
24.74
44.82
24.5
15.07
30.26
58.39
36.05
29.52
24.96




0.66
0.91
33.62
50.66
-0.00773236547262
-0.0566166439291
0.0479188527457

0.131014492754
-0.0784832451499
0.367454068241
0.00251078349321
0.409421265141
0.00886917960089
-0.302660217654
-0.398944193062
0.287767756483

0.00251078349321

1.28301886792

0.0512926406211
0.0512926406211
0.0598359015409
0.045288326301
-0.0740927419355
0.196053469128
-1.32525951557
0.350157728707
0.313226342003
0.423286840509
0.0970303867403
0.045340624288
-0.00600431432014
0.125385382557
0.00337378787541
1