5.36
4.75
2.5
10.5
7.21
4.91
26.32
73.45
64.69
49.02
67.26


0.1
2.17

27.11



0.67
0.67
0.91
46.75
87.79
109.46
212.340426
806.821277


3963.353191

8477.838298
0.135265700483
0.183548383987
0.158528509571
0.582170014754

0.12248427673
1.77498980008
4.30227743271
0.187736156138
0.121408412718
0.0605187319885
0.252569979494
0.271084254031
0.258194853723

0.187736156138

-0.115070284407

0.0617555648887
0.0591519182801
-0.0206011088416
0.0950460014154
0.249339159519
0.0315552299769
0.121479010866
-0.0351708269688
-0.0351708269688
0.536663157729
0.422035126847
0.0562502152871
0.0358940831353
-0.190187241239
-0.523018096474
-1