9.3

6.71
8.11

5.85
8.84
37.8
12.41
8.68
11.44
17.49
22.75
0.96

7.83
70.22
37.64

7.99
2.18
1.72
10.03
72.12

9.97
14.318519
161.990741


153.882593
35.362222
213.372963
0.00558659217877
0.121945586401
-0.269962474911
0.256169876048
0.0961281970814
0.0179321370621
0.644368384007
-0.493793965072
0.178870622516
0.103733987897
0.00689655172414
0.139117283102

0.57059094802

0.178870622516
0.00182573659028
0.0745116548165
-0.161963615092
0.143903670169
0.143903670169
0.163029212215
0.113766807685
0.213702990679
-0.127188749483
-0.219146482122
-0.128985017461
0.056266072347
0.0777813299233
0.163820381573
-0.0167880039118
-0.0301368624836
-0.0697993205105
-0.112266205879
1