12.81
9.86
7.61
8.74
6.82
5.19
11.09
40.42
14.84
11.45
10.96
7.47
8.95
0.86
31.87
7.15
74.77
28.04

7.72
1.6
1.12
2.93
59.37

42.5
31.031452
279.722177


242.221774
75.416129
407.99879
0.0829694323144
0.00819111117667
0.00694568857407
0.107952800807
0.168027554977
0.0211555089371
0.208448130252
0.288592123133
0.0385367410763
0.0804486476181
0.00671140939597
-0.112562627254
-0.278846153846
0.100850358327
0.0
0.0385367410763
0.133225079373
0.120093983416
-0.236785707202
0.141924269086
0.141924269086
0.176045276834
0.0950928511453
0.101637492942
0.0788816164689
-0.373145587126
0.104686714993
0.170695268251
0.170695268251
0.134944687458
0.075099969722
-0.046831417941
0.0402867761444
0.0339714682791
-1