11.79

9.08
8.31

6.4
11.61
38.82
14.44
11.38
11.24
20.52
20.82
0.93

7.5
78.92
37.19

5.45
2.73
2.06
10.35
77.03

9.66
16.530726
142.403352


140.198883
35.494972
182.008939
0.135306553911
0.718520825319
0.0232772734038
-0.202873021673
0.0480830506732
0.217919469914
-0.491676079163
-0.647611117492
0.153200305825
0.137180385712
0.0104529616725
0.212530425794

0.20934716446

0.153200305825
0.0809731752963
-0.334026200519

-0.108973119094
-0.108973119094
-0.138542391733
-0.0580247226946
0.0977704773961
-0.298176012386
-0.543684210526
-0.305475143568
-0.330217710821
-0.28164615102
-0.238402381543
-0.262747506576
0.0509483963993
-0.20674359649
0.0938999025787
1