8.59
5.62
2.23
13.38
6.89
3.47
15.89
68.41
60.46
34.97
50.24




0.66
0.36
25.94
35.03
0.0119846294589
0.00824237377288
-0.0981736277726

-0.0981736277726
-0.344295459892
0.0099552727586
-0.0174368358654
0.0
0.0183472715756
0.0288036908573
0.0674388624863

0.0099552727586

0.675384200593

0.0567409759313
0.0567409759313
0.074317815277
0.0488169073191
0.154839773539
-0.0358095538942
4.65773584906
-0.51713362486
-0.540545258809
0.000282990957153
0.0476158870068
0.0164323896258
-0.00792406861221
-0.0980987976079
0.154914603704
-1