9.94
8.41
5.45
7.86
7.06
4.31
7.65
35.71
13.86
9.33
10.57
8.09
21.23

5.33
2.34
1.85
54.86

0.352717980614
0.233174642221
-0.0771646840683
0.424445653757
0.280372084327
-0.600689020983
-0.764378868258
0.157097793495
0.1403286388
0.0067140600316
0.51501073187
0.606920458556
-0.172210736555
-0.921927425494
0.157097793495
0.318817089464
0.00969574005913

0.101799969596
0.101799969596
0.0990982792084
0.10669791372
0.130874421291
0.0436161679994
0.0597290640394
0.0401359538939
0.0604839494637
-0.041550339503
0.0452054500129
0.0869983975998
0.00489794412491
-0.0290744516954
0.178964653664
1