28.3

19.61
17.42

12.07
13.52
50.56
16.83
14.54
10.61


1.83

5.11
10.16
8.38


2.18
0.82
6.96
69.28

15.4
19.559848
144.713182


69.112121
29.036364
99.752576
-0.0571428571429
-0.0335629220875
-0.0430468030505
-0.176893186212
-0.0570954331726
0.0199704981278
-0.386750463929
-0.663702111024
-0.104272334451
-0.145680455198
0.00881057268722
-0.0168316831683
-0.511060507482
0.016834540937
3.73092369478
-0.104272334451
-0.0383187137438
-0.291024073417

0.052733272785
0.052733272785
0.0823488963763
0.0252986364428
0.0164870887093
0.047787130057
-0.220786427779
0.0760248053745
0.0650460977702
0.0650460977702
0.052712501818
0.0425101477091
-0.0274346363422
0.0362461840756
0.229626458997
-1