33.08
22.14
16.96
20.52
14.28
10.53
12.95
52.76
15.8
13.78
10.06
8.71
10.93
1.6
15.48
5.62
7.49
9.64


2.88
1.6
1.68
51.28

59.68
21.578906
166.623438


65.225313
28.6375
127.203125
0.0
0.0672752797413
0.0688889615604
0.609806005545
0.0170045956917
-0.208429993933
3.28506143393
49.4063225058
0.295541275585
-0.0383027544071
0.00214592274678
3.12713746023
15.5238793806
0.101600406073
-0.8375
0.295541275585
-0.0608057556906
1.13181724082

0.123684421272
0.123684421272
0.0796986841541
0.166232027065
0.175421977021
0.14099208599
-14.3252647504
0.067107093185
0.0799616829262
0.0799616829262
0.0656065000596
0.122687328861
0.0425476057933
-0.0517375557496
-0.486121584273
-1