-139.37
-90.28
-75.71
-80.56
-51.68
-43.77
-89.11
85.81
12.22
-80.35
41.06
1.12
0.3
1.03
-69.22
77.41
65.76
21.75


1.52
1.46
1.91
54.32

52.37

154.201
47.15
72.712
98.594833
20.8455
181.496
-0.294117647059
-0.739015669649
0.104169578022
-0.691909628148
0.41510774331
-0.142538241039
-0.855008443768
-0.585396755877
-0.728115702925
-0.758578837975
-0.00920810313076
-0.743551392277
-0.878798326804
-0.459103465378

-0.728115702925
-0.172764792254
-0.831114620744
-0.979326077217
-0.142867465861
-0.142867465861
-0.518752382069
-0.0156977638033
1.23850329517
-7.20633463009
5.77205882353
-8.64696061882
-8.76956334367
293.00987045
7.83329458266
-0.312248733403
0.127169702058
-1.38137076103
0.549042162287
1