19.36
8.91
6.16
11.78
6.37
3.75
62.16
79.23
67.02
30.08
74.77


0.1
1.3

108.95



1.24
1.24
0.5
31.83
46.69
198.01
484.830149
779.987261


2504.989384

7870.609342
0.5
1.92124619518
2.02348564391
-0.30892635574

1.10622134657
-0.566744552856
-0.899441734632
1.42213260694
2.18120048964
1.08
2.36695509061
3.50767428465
-0.590049922164

1.42213260694

-1.37163961039

9.54369600781
13.4789343002
1.45335305086
76.8860048167
0.333330871819
-1.83917193824
-3.60434897905
-2.29062978642
-2.1496533351
118.171526587
5.8799719467
-3.64977454452
63.4070705165
13.1456034284
13.787860656
-1