-47.71
-12.29
-11.56
0.31
4.44
0.08

10.72





0.03
-2.86

545.39



0.74
0.74
0.53
24.23
31.98
187.09

110.964968


1181.152866

4874.181529

0.403927083641
1.02087246832
3.51593977429

1.54255575358
4.25966198922
13.1175043543
0.65992930762
0.820270820757
49.0
0.132732701358
-0.052622509247
3.40631061072

0.65992930762

3.12771802861

-0.624674149557
-0.7231533006
0.100863533409
-0.942131995416
2.02373562577
-7.65290759359
0.308996239514
10.9735399607
5.07275285133
-0.806086811908
0.156145024904
-2.9233937738
-0.218978694816
-2.74688892637
-4.23909307489
1