3.53
5.13
1.84
-2.68
1.73
-1.4
12.27
79.29
70.82
28.86
32.65
5.78
2.8


1.12
1.21
52.19

0.626486054565
0.783767684757
0.315111317646

0.529623400103
0.0957612063952
1.43230216458
0.606603567196
1.63425011654
19156.5288462
0.0998599056707
0.00841542754724
0.456951457124

0.606603567196

-0.276350849605

1.43513150087
1.43513150087
1.42796865582
1.4370095513
1.49882862476
1.3359999276
-2.25906221362
-0.519379912855
-0.642644328339
-1.59956532378
0.0634638628784
1.57307340847
0.00187805042694
-0.0636971238873
1.12002018322
-1