4.99
5.0
1.92
4.07
4.64
1.56
16.09
67.15
52.71
34.53
31.29
14.66
8.97
0.12
1.37

29.64



2.25
2.25
0.64
38.36
62.23
156.04
22.531073
140.077555


451.34566

1176.686184
0.0507285483001
0.0908493307813
0.0858550129696
1.39991155277

0.412086529996
2.09685434136
2.68141796628
0.115347784282
0.417551591251
0.303951367781
-0.0222250744247
-0.0249672102206
0.291625957326

0.115347784282

6.63900476758
-0.0569355867109
0.141774049048
0.146111564031
0.151812805348
0.136926858945
0.144014609805
0.130313212529
0.0475030704219
0.243036468221
0.228330169165
0.184056388365
0.197802197802
0.155921327715
-0.00918470508632
0.0020969542262
-1.25379998874
-1