44.22

34.47
29.9

23.3
34.66
73.6
40.39
34.57
29.25
12.4
16.14
1.2


33.52



2.43

15.26
77.94

6.55
53.979835
155.748056


122.06171

156.610301
0.389601620527
0.134276114808
-0.100521617126
-0.114441735413

-0.0502911509212
-0.131486836098
-0.0951322115385
0.0168088435718
0.00314877932388
0.0344234079174
-0.0247037914692

0.099765506275

0.0168088435718

-0.220838103046
0.350057102016
0.0306033699718
0.0306033699718
-0.0326581468188
0.0553618202519
0.0599333132793
0.0502487797943
-0.499084249084
0.0474208238655
0.0362952742325
0.0362952742325
0.0455032060217
0.0550217984761
0.0247584502801
-0.0293299433075
0.145045105385
1