20.94
13.21
8.63
15.37
10.57
6.34
15.73
72.56
26.45
22.55
15.45
6.79
6.19
0.63
4.32

60.98
6.47

10.03
2.49
2.49
0.9
41.21
70.11
112.89
48.173505
306.318833


230.10084

558.313396
-0.0621233194251
-0.0148788022783
0.0659241323648
0.0498480593361

-0.0725613365493
0.109061148435
0.124591507071
0.00511873106728
-0.0198351701571
-0.0701754385965
-0.0174288670952
-0.015625
0.199358150425
0.0
0.00511873106728

-0.0313072151021
-0.16525039836
0.0231819735389
0.0231819735389
0.0565453811018
0.0111101617168
-0.0601069862507
0.215385418298
0.865369340747
0.0558047321893
0.110228524443
0.110228524443
0.00402621231979
0.123666748924
-0.012071811822
0.0832889597896
-0.0266660857972
1