28.52
23.24
12.66
18.48
15.66
8.2
20.6
70.26
26.71
20.76
19.3
16.94
17.91

8.84
0.8
3.09
44.39
79.82
-0.0604420114661
-0.0989913621028
0.0228424185236

0.0210306020289
0.0240561768699
-0.0294067181416
-0.0343883046159
-0.264554016218
-0.139730639731
11.972363585

-0.0206785853278
-0.0225925
-0.0343883046159

-0.166069884173
0.29243670649
0.00152363680483
0.00152363680483
0.0570896384821
-0.0202794740567
-0.0006513752256
-0.064110893275
-0.903015921617
0.00401568978486
0.0702932874025
0.0112478982664
-0.00637595130375
-0.0596485557022
-0.0218031108615
0.00217501203043
-0.0213187817188
-1