20.89
21.61
12.18
13.44
14.29
7.83
20.55
71.82
28.45
22.21
19.45
12.33
12.93
1.0
20.3

76.23
5.59

10.59
0.77
0.77
54.43
58.28

53.78
58.775667
286.077822


281.340153

482.720132
-0.0211015736767
-0.0324878700656
0.168779420266
0.00152660657168

0.0603101518785
-0.0343379957473
-0.00730669787918
-0.0220981880167
-0.0435551625028
-0.0689655172414
-0.965307373532
-1.0
2.88709222117

-0.0220981880167

-1.45066897856

-0.0196276063611
-0.0196276063611
-0.120080553506
0.0263475851697
0.0944335648572
-0.0988441073307
-13.1299907149
-0.171154321751
-0.223288343194
-0.23086184856
-0.175682551367
-0.0841779360309
0.0459751915308
-0.114061171218
-0.0211542129327
1