-15.91
-8.13
-9.11
-15.79
-8.06
-9.05
-10.71
36.2
15.2
-7.6
12.16
3.3
3.27

7.17
4.01
1.78
57.3

-0.141287787667
0.0822485207101
-0.120383963862
-0.0513347022587
-0.152699784017
-0.143030892727
-0.132608084029
-0.132438405501
0.0
0.278266466424
0.373153666753
-0.563624100719
-0.973981345115
-0.132608084029
0.00102774922919
0.326979804856
-0.599829633313
-0.0574781463298
-0.0574781463298
-0.0668091432819
-0.0405723905724
0.462664403903
-1.97553017945
0.20987654321
-3.05359317905
-3.615625
-3.615625
0.00261780104712
-0.041266025641
0.0169057557574
-0.520142550233
0.0629058175324
1