-3.62
0.28
-1.89
-23.92
-11.77
-12.51
-2.56
30.92
11.82
1.28




5.45
3.81
1.46
52.3

-0.215980953798
-0.0438187020027
-0.152944595118
-0.210319023237
-0.126661329063
-0.0971147079521
-0.188596675784
-0.179480920999
0.0
-0.198303903346
-0.241599621391
-0.198534542917
0.69696969697
-0.188596675784
-0.192613047981
-0.135425046929

-0.111034869939
-0.111034869939
-0.0210798448842
-0.262470706394
-0.0249365042715
-0.88861838101
-0.401092896175
-1.50137362637
-5.07432432432
-5.07432432432
-1.38839095177
-0.503535651149
-0.151435836455
-0.086098365668
0.0419097251787
1