31.31
23.53
15.67
20.23
15.43
10.12
6.09
37.0
8.34
6.18
6.09
6.54
8.0


1.76
2.71
50.04

-0.0249732296874
-0.0143989595879
0.185201002015
-0.0376571752277
0.924243591967
1.80558604939
0.081156157792
0.148297202019
0.00943592590023
0.569013976393
0.0
-0.152191097162

0.081156157792

1.49621236905
0.129703441992
0.0597079340423
0.0597079340423
0.0388494078287
0.0972240923299
0.0707245783519
0.251742374886
0.79006772009
0.246468672774
0.24967713978
0.24967713978
0.178751460132
0.198431163867
0.0375161582876
-0.0110166443096
-0.125493067973
1