8.61
9.56
3.14
8.26
9.38
3.02
19.17
68.56
64.39
42.73
40.05
17.05
16.14


0.3
1.16
36.54
57.57
0.00238712390249
0.00267643274839
0.665327942254

-0.0203153837803
1.12227879928
7.8937134599
0.0418824383014
0.05628466484
0.00207802021347
-0.0306303737185
-0.0275616150803
0.106913458414
0.329219761048
0.0418824383014

-0.0317674047477
0.0761020636775
0.0172398197883
0.0172398197883
0.00806647258612
0.0215036182347
-0.00731015420425
0.039737446548
0.288963626015
-0.159937321748
-0.159937321748
-0.244578219668
-0.116047568145
0.0375854804435
0.0042637984464
0.0245499739925
-0.648088122466
1