-0.12
2.2
-0.04
-0.56
2.0
-0.2
-0.05
22.1
4.51
2.93
1.36



2.65
1.75
0.82
36.45
57.34
-0.0388052080674
-0.150800336984
-0.0211558307534
-0.112463768116
0.171232876712
0.49
-0.0329632792485
-0.0231952662722
0.00413223140496
0.038231039471
0.111282843895
-0.178760393046

-0.0329632792485
-0.0258681785967
0.317886178862

-0.0318465318465
-0.0318465318465
0.0629994672349
-0.263500325309
-0.178586365537
-0.560761346999
0.265560165975
-1.01131221719
-0.832876712329
-1.06166219839
-0.750448833034
-0.467128027682
-0.231653793463
0.146739833691
-0.0106907010932
-1