8.92
9.66
3.32
17.46
14.02
6.51
20.58
69.73
64.22
43.17
61.36
20.12
21.72


0.27
1.04
37.29
59.46
0.0992420681877
0.159597809887
0.304304916445

0.311421214104
3.40983036103
0.111838997607
0.421583056788
17.6584507042
-0.145742660774
-0.172791607045
0.23253043878
0.108163672311
0.111838997607

0.208322186575
-0.0219936696472
0.131138476533
0.131138476533
0.166340789925
0.116509072577
0.118093344496
0.115536739795
0.178449468315
0.0538041461216
0.0538041461216
0.880190119211
0.509484625379
0.108976651692
-0.0146294039559
0.0130451320376
-0.173166439911
-1