45.46
27.09
21.41
26.94
16.77
12.69
27.52

31.36
28.76
18.9
5.74
13.85


2.05
1.26
47.09
89.01
0.00514010667227
-0.00747741198463
-0.017844414074

-0.019767461684
-0.033940672759
-0.00229561405942
0.101992887338
0.0663108632375
-0.0378716583995
-0.117647058824
-0.167322908114

-0.00229561405942

0.183902328451
-0.41708133307
-0.0596979020803
-0.0600590886773
-0.298165137615
-0.0650366677861
-0.0165569197773
-0.16893970451
0.278283934956
-0.181817879915
-0.180162082437
-0.154554036289
-0.220216423482
-0.20737527605
-0.00497757910879
-0.0435021688999
-0.0422146746033
1