-19.66

-4.74
-46.04

-11.09
-14.38
20.82
16.44
-5.32

15.9
11.62
0.36


12.91



1.04
1.04
0.36
24.1
31.75
276.14

11424.676471


8361.514706

34697.573529
0.0
-0.0870572910529
-0.0892568040455
-0.216920081175

-0.0288374363624
-0.237387631816
-0.237387631816
-0.101507848076
-0.138661992741
0.000659063795707
-0.126241611523
-0.126883902118
0.306803852734

-0.101507848076

-0.934471571093
0.165209772173
-0.0432513380575
-0.043812372166
-0.0435362641532
-0.0421661060312
0.270844546809
-5.55133289271
-0.331619000626
0.160391660091
0.160391660091
0.782640378656
5.06858638743
-0.091898771981
0.00164626613485
-0.314656918975
0.173107709009
1