3.23
5.92
1.02
3.51
6.03
1.11
0.9
23.65
8.44
5.04
4.37
8.71
12.47
1.46
1.6
7.38
40.01
42.93

2.14
1.66
0.95
0.68
31.69
46.38
146.55
2.673123
298.439339


82.858559
38.005255
261.501802
-0.0261734171663
0.0494741568785
-0.00816547080896
0.0339321357285
0.250756072973
0.211135478919
-0.336801644515
-0.0245793372767
0.0437854800353
0.129521715903
-0.0505694385295
-0.00539170410564
0.0649726823981
0.0386034822996

0.0437854800353
0.568586744337
0.0269034388008

0.0559425810376
0.0559425810376
0.0641020786793
0.0304289964504
-0.0207708768101
0.27666051073
0.605586069884
-0.344827586207
-0.193114634019
0.155953446732
0.0101088827881
0.135238688365
-0.0255135845872
0.0767134578477
0.0220104453091
-1