-23.57
-4.69
-7.05
-19.5
-3.07
-5.83
-5.38
22.3
7.65
-1.91
5.11
8.62
6.24
1.75
-0.71
8.39
40.57
44.47

1.72
1.48
0.86
0.66
29.9
42.66
150.65
-18.399044
342.295458


78.072829
37.089243
261.077291
-0.0578078078078
-0.0712437846797
-0.0592309824184
-0.0384041606355
-0.0490836967099
0.0956998447254
-0.227692503662
-0.292022372682
-0.0593373227638
-0.112226776699
-0.0457820865287
-0.0874174773128
-0.104888817063
0.0768540363787

-0.0593373227638
-0.080516761156
-0.213802192536
-0.0301115820569
0.0806487804927
0.0806487804927
0.0996490548334
0.0192961552373
0.406547073317
-1.40919021918
-0.0969988111701
-7.48508678313
-7.32226689145
-5.93153655514
0.264761093133
-0.0201607613505
-0.0613526252554
-0.325898292824
0.119052941128
1