-9.77
1.1
-2.77
13.83
8.19
3.92
-24.41
74.21
39.97
0.6
73.92
23.58
16.62
0.12
0.02

9.41



1.19
1.19
0.43
28.36
39.58
232.76

714.042471


1783.627413

6289.638996
0.036
-0.0013942363459
-0.00561236203829
0.209084987525

0.206014474669
0.209227108385
-0.643198016734
0.0104310911894
-0.0968348323866
0.0105263157895
0.054244317583
0.0610533407316
0.136431997524

0.0104310911894

0.808589959655
-0.0453566265662
0.232161714687
0.232161714687
0.881781951624
0.100189581438
0.075427357179
-1.60021697857
-0.243107215634
-0.28285668891
-0.318004226142
0.419898650901
0.0836312614448
-0.0679905437352
-0.13197213325
0.156734357508
0.0230767271628
-1