-4.51
2.31
-1.42
-1.36
3.33
-0.43
-11.83
70.16
47.57
12.72
31.27
11.69
2.27


4.41
0.48
31.5
45.98
-0.0519209831181
-0.0421111622045
0.619644973626

-0.784616861917
0.689071401443
56.4930861094
-0.00586784368921
0.162148471274
0.351020408163
-0.0443982265842
-0.0168761238491
-0.431318950895

-0.00586784368921

2.53269966828
-0.0957444073276
-0.133360826229
-0.133360826229
0.531750163523
-0.268448478736
-0.388780981789
5.59600862999
-0.443132629592
-0.719328539536
-0.863501144933
-1.7824137148
-0.206513561671
0.294389018609
-0.135087652507
0.255420155559
-0.753005799855
-1