25.99

8.98
18.16

6.27
40.59
89.16
49.53
43.56
34.33
9.98
8.69
0.42


333.81
331.8


1.0
1.0
1.97
34.54
52.77
68.65
99.003286
243.939437


380.955869

1102.896244
0.779448621554
0.415849549492
0.220225221866
0.816314826094

0.851881320557
0.790527283875
1.4838768684
0.582872116638
0.296337537643
0.0178571428571
0.0355873678696
-0.112706981606
1.44306712757
11.5536713437
0.582872116638

-1.01446842475
-0.0431034989441
0.197653057226
0.197653057226
0.0368127519373
0.220678134025
0.133523746645
0.327526643323
-0.195492635195
0.393951612903
0.365527915771
0.384623336591
0.322538072571
0.293608230842
0.0230250767987
0.064129310581
-0.618661768868
1