
-19.12
-26.52

-19.79
-27.06
-33.34
42.34
11.44
-4.26

16.72
13.88
0.98
-0.31
5.28
66.89
33.11

0.98
2.33
1.52
-0.02
-1.87



471.096154



133.445513
592.330128
-0.025
-0.141201092199
-0.294219183084
0.409657293342
0.0225102820212
0.869011771147
0.669630132338
2.06291441789
0.0330126718129
-1.12696720106
0.0488120950324
0.211654945643
0.0628576222837
0.392507017044
-0.278802100793
0.0330126718129
0.230967093398
0.422834104263
0.837128073888
0.305926254998
0.305926254998
0.14701185514
0.609679755807
-0.0455261214309
-0.810681811316
1.80945182069
0.0143427779043
-0.136451234776
-0.0486264363443
0.355215465163
-42.7394540943
0.30375350081
0.351452376429
-0.103731038344
1