43.35
26.67
14.74
32.35
20.44
11.0
13.26
36.72
14.78
13.38
11.29
4.56
7.12
1.85
11.67
5.36
59.76
48.16

0.76
1.45
0.93
1.3
33.99
51.5
78.64
39.529333
298.231533


91.184467
65.2494
268.246467
0.0
0.0416481384535
0.119337195127
0.229681917322
0.227011506927
0.246509949393
0.216458577303
0.273134992916
0.142959038138
0.0578432562992
0.00113088263346
0.0723110643593
-0.00940095679881
0.286211585532
2.86171842362
0.142958185967
0.283098342281
0.120382127187
-0.469865189472
0.188901622082
0.188901622082
0.152755521366
0.256808025724
0.142414613383
0.522692302801
-0.814624594742
0.63776578408
0.727342210221
0.729677005716
0.601994485498
0.460929800915
0.0679064036417
0.0464870086994
-0.0407802952391
-1