28.8
13.89
9.88
21.13
10.49
7.25
10.97
35.73
21.04
16.54
12.55
7.75
13.41
1.16
17.19
8.06
95.48
37.0

3.28
2.1
1.6
0.8
34.32
52.26
127.56
64.583333
588.791667


224.25
168.666667
653.375
-0.04
0.0559861636026
0.0269378194208
0.0383165829146
-0.0795693277311
0.0900101788571
0.063958276146
0.461832061069
0.0475299776212
0.192158600066
0.0
0.0140400931001
-0.00826446280992
-0.0657357396917
9.71428571429
0.0475299776212
0.16288422867
0.155558854089
0.208773755319
-0.0928000513594
-0.0928000513594
-0.0964083175803
-0.0862365396797
-0.0225306416727
-0.150463383609
1.00892857143
-0.343081161263
-0.258297258297
-0.249752556912
-0.170138076293
-0.118309859155
0.00656351167975
-0.0702694096867
-0.131116634274
-1