4.35
5.06
2.33
2.68
4.13
1.44
12.17
64.31
24.42
22.42
9.5
17.15

0.2
1.68

0.42
16.77


0.44
0.44
1.25
53.59

79.81
209.075269
1717.44086


4809.591398

8973.935484
0.0568181818182
0.114886094237
0.0976624461061
0.10114379085

-0.00540540540541
0.102778929905
0.0807180851064
0.11466143823
0.0325276257442
0.0129734313171
0.261522369811
0.268357047535
-0.0691626706013

0.11466143823

-0.171890400158
-0.390800831187
-0.102614812401
-0.144749567342
-0.317650720682
0.0875558472907
0.480912651869
-0.273225485619
0.548991763703
-0.497622984704
-0.426940915507
-0.517080056463
-0.452255503428
-0.252424207581
0.232305414633
-0.625662219211
-0.245893358192
1