14.54
9.81
6.72
9.0
6.82
4.16
22.85
75.57
69.88
34.45
49.57


0.34
6.01

59.81



0.6
0.6
1.17
46.21
85.9
85.37
484.043478
2118.666008


3329.094862

7204.636364
0.0201612903226
0.172799438683
0.175993837827
0.114499696615

0.172431496706
0.0475897248767
-0.869124540732
0.167506857475
0.144262087957
0.0480597499594
0.0839386377015
-0.00451385490184
0.6158583502

0.167506857475

4.15582733455

0.174331633983
0.174331633983
0.099418961015
0.200778415424
0.0586287303352
0.429955824335
1.20523955545
0.213285777976
0.230999139093
0.236774893718
0.08539499808
0.198049601157
0.0264467814404
0.115702903648
0.0598319373684
1