22.13
14.24
7.91
16.49
11.82
5.89
42.25
78.93
69.78
43.25
58.0
12.05
7.95
0.22
2.04
31.36
38.4



0.76
0.73
0.75
35.74
55.61
154.52
439.694567
1040.647577


1986.471366

5558.572687
-0.0340425531915
0.118119347561
-0.0836284590124
-0.340153042773
-0.567141023922
-0.401728477136
-0.304551645095
-0.534333859137
0.0273287576431
0.253562512857
0.0111269360869
-0.129092941083
-0.151972627819
0.176356024074
0.832369573265
0.0273287576431

-1.75749851261
0.469631522342
0.0796826223874
0.0794915639458
-0.134408664494
0.15598929542
-0.850311442938
-1.25431230809
-0.871088429197
-1.23757091059
-1.23893251229
-1.24161090547
-0.413549604978
0.181181939133
0.0764977314738
0.929803006884
0.419644606719
-1