12.89
7.9
5.08
9.15
5.98
3.61
7.07
33.47
11.4
8.44
7.98



1.32
1.61
1.06
39.42
65.07
1.12996316954
0.972994113592
0.339506408764
1.15128950518
1.01520683509
-0.414585927661
-0.513557675655
0.744194406621
0.5248904684
0.219101123596
0.723478050181
0.690774391274
1.36754625778
0.952533333333
0.744194406621
1.07901416292
-0.215939802947

0.682567742816
0.682567742816
0.598769142787
0.878271625549
0.915000362053
0.777132114169
1.12763268745
0.722313722907
0.798333575546
0.798333575546
0.676389559488
0.696911741021
0.195703882733
-0.232432619237
0.343061334052
1