631.48
52.71
9.75
420.35
38.34
6.49
9.46
53.22
13.34
11.08
8.55
13.58
12.35
4.54
5.17

109.35
3.47


0.64
0.64
0.07
1.54
1.57

27.582876
291.681228


4.367948

282.878183
0.0586680761099
0.0353749820066
0.114477099556
0.152380106315

0.0808293973805
0.303334404112
0.621583752452
0.0898419204592
-0.335131848925
0.0
0.143650521012
0.05
0.0897257436717
0.075
0.0898419204592

-0.00508988588401
-0.173081806328
0.12645919836
0.142360635864
0.114173597521
0.137482418485
0.101057574064
0.301229281629
0.00706394731251
0.369893752867
0.30240701832
0.263970992576
0.081752156642
0.165769040887
-0.00487821737927
0.0413030618004
-0.0100194704509
1