
6.89
2.31

13.03
6.93
3.09
11.36
9.78
6.36
12.68
14.31
28.95

2.28
1.31
-0.06
-5.22

-0.0894066648605
0.0219298245614
0.140536723164
-0.0287769784173
0.44901065449
0.0831081081081
0.508169934641
-0.0256510671627
-0.458333333333
0.0178571428571
-0.0440229062276
0.00838812060757
-0.119269340974

-0.0256510671627
0.304093567251
18.275
-0.108928132971
0.200128803735
0.200128803735
0.165050255687
0.568518518519
-0.431402439024
-5.08620689655
-0.239875389408
-1.52631578947
-2.05384615385
-2.79220779221
-8.05223880597
4.4
0.368389714783
0.63153124276
0.0595920805715
-1