
4.36
-0.42

4.23
-0.52
-0.57
12.92
9.67
6.37
2.6
7.14
5.88
0.98
1.27
10.54
46.12
15.86

1.54
1.34
1.06
-0.04
-2.73


-1.373896
242.819758



43.441282
328.982663
-0.059963099631
-0.00074382624219
-0.0135908440629
0.0340557275542
0.042962962963
-0.00105042016807
0.0511540860886
0.00433369447454
0.0105506430868
-0.471153846154
1.33333333333
-0.0205915387495
-0.0139388489209
0.0101667344449

0.0105506430868
-0.00747384155456
0.110246433204
-0.508463543762
-0.0041588408908
-0.0041588408908
-0.0216437112154
0.132231404959
0.302949061662
-0.00210970464135
1.1106557377
-1.18260869565
-1.12408759124
-1.07536231884
-0.795767195767
-0.0150891632373
0.136390245849
-0.307107902553
-0.038214568445
1