9.74
10.42
4.37
9.59
10.28
4.3
0.91
3.32
1.84
0.93
1.8
11.16
16.31
9.65
5.45
177.57
34.93
33.98


1.04
0.99
9.01
44.83
81.25
11.11
43.9
4833.521053


450.852632
39.926316
1005.721053
0.027027027027
-0.00255124386826
-0.0726405875211
0.105506970779
9.38554216867
0.0783212721156
-0.219078857455
-0.204958677686
0.05121660056
-0.0231157841919
-0.0231157841919
5.44075829384

0.0356437140297

0.05121660056
-4.52181987001
-2.88714153562

-0.1486643201
-0.1486643201
-0.160205552529
0.419105672142
0.309253731343
0.807213668003
-0.784220532319
1.26104635403
1.26402819192
1.4585453457
0.588021082894
0.430080270384
0.567769992242
-0.457918051443
-0.254171290879
-1