28.34
17.49
12.13
17.63
11.73
7.54
6.93
52.52
11.01
7.92
7.41




2.36
1.16
42.81
74.84
0.95592737629
0.225363061119
0.093454336194
0.238964564622
-0.192033911861
-0.263412181633
0.417694780209
0.281844095267
0.0204081632653
0.519731711122
0.869565217391
0.577465816749

0.417694780209
0.209940225142
-0.107931912395

0.328766305341
0.328766305341
0.246081312471
0.413573303337
0.381815650624
0.623898211322
0.110638297872
0.738097385032
0.669595176572
0.722407786517
0.518193871538
0.518769131626
0.0848069979963
-0.0530493452836
0.235311969147
1