31.91

7.24
19.51

4.43
4.46
13.98
7.86
6.3
4.29
3.9
4.09


1.75
0.56
22.7
29.37
0.137522920487
0.192338927991
-0.0367136955336
0.026270456503
-0.0566330488751
-0.132330365367
0.0188017845762
-0.00183360073344
-0.228070175439
0.333104631218
0.31809401159
-0.182976259409
-0.412589194699
0.0188017845762
0.103423488184
0.264425369576
-0.592871961997
0.350026003294
0.350026003294
0.381644753803
0.18333786355
0.328242154957
0.0444503593293
0.496732026144
-0.0711898395722
-0.098385469223
-0.142352347299
0.0214067278287
0.114981785064
-0.166688139744
0.0217838483368
0.386739698827
-1