6.44
7.57
1.56
10.58
9.23
2.57
0.98
12.51
4.48
2.87
3.23




1.61
0.67
24.32
32.14
-0.00912250217202
0.0681068106811
0.329315905619
0.229061160888
0.546456692913
0.450199203187
0.180848022868
0.25531028738
0.0
-0.008973517181
0.105590062112
0.376170212766
-0.521739130435
0.180848022868
0.202545454545
0.259509721048

0.28100624025
0.28100624025
0.291342121031
0.213090551181
0.206349206349
0.236323851204
-0.220588235294
-11.2105263158
-8.8125
-6.90740740741
1.6106557377
0.169536423841
-0.0679156890685
0.0746570339004
-0.0483096653691
-1