10.99
9.35
4.86
7.93
7.74
3.51
5.94
19.11
12.51
9.23
7.56
15.13
9.25


1.42
1.1
44.25
79.36
1.20612837207
1.72593554045
-0.180434634427

-0.376153158168
-0.601838235294
0.604182107006
1.12262177708
0.291139240506
0.489995017749
0.522317166317
0.073280254227
0.377769018526
0.604182107006

-0.476112203206
0.997604492143
0.192879371584
0.192879371584
0.159703539667
0.357217158528
0.25529479107
0.48649406795
0.703859015871
0.38844459343
0.353647971675
0.39339349339
0.458493808141
0.503466620691
0.164337786944
-0.0624154194862
0.373314006012
1