11.49
7.04
1.37
-42.0
-0.81
-5.0
8.85
70.78
62.09
36.28

14.02
10.21
0.19
1.29

52.5



0.24
0.24
0.17
11.91
13.52
581.87
22.159247
250.471747


192.838185

1619.222603
0.0354609929078
-0.0517310696081
-0.142110374525
-0.0610669214362

-0.144595705435
0.0427265253245
0.502493287303
-0.052152244862
-0.418078614354
1.42609274356e-05
-0.0423795689559
-0.0344769922774
0.482985221593

-0.052152244862

0.810220636384

0.0160913871311
0.0242799190168
0.140990215316
-0.0278350273468
-0.0670900233863
0.0126786361642
0.121702068195
-0.221874812098
-0.221874812098
-28.7181365368
-1.23539912345
-0.0055027185072
-0.0521149463635
0.0913699424031
0.085346840453
1