26.16
24.01
19.78
16.3
15.27
12.32
22.19
65.03
26.81
22.35
18.28
14.01
15.45


2.33
7.8
75.61

0.0101836431731
0.0365161798163
0.833812305911
0.257142857143
2.48299319728
3.46058514874
0.193523177954
0.331759315294

0.0698198198198
-1.0
-0.181331816217
-0.75476660092
0.193523177954
-0.255608056136
26.6542368165

0.157745900647
0.157745900647
0.0875015412437
0.199401249901
0.179702433857
0.238904454089
-0.854086781029
0.309277077906
0.332438398664
0.351231484671
0.201366175577
0.164201657366
0.0416553492544
-0.0219565332107
-0.676066405264
1