11.71

3.54
5.71

1.73
3.44
22.88
10.1
7.04
4.74
7.41
5.32
1.63

76.77
53.1
115.17


0.9
0.86
0.92
30.21
43.3
108.85
44.987981
1307.84375


384.274038

1271.795673
-0.00715990453461
-0.0172716367514
-0.0643320518981
0.782498524413
0.843172951886
6.73529978793
0.0449629374041
-0.0841249422785
0.15417522917
0.114163843934
0.0117647058824
-0.166467065868
-0.166467065868
0.838714842793

0.15417522917
0.170522649965
1.53797468354
0.146134032828
-0.10159844119
-0.12477453617
-0.0938116165815
-0.126893261777
-0.0417505421787
-0.272354170625
0.199154877825
-0.484449464202
-0.479829059829
-0.478163941923
-0.234972839799
-0.201743552488
-0.00211872560654
-0.0830239939917
-0.907273060584
1