36.04
23.99
15.22
23.61
16.16
9.97
18.9
68.59
23.86
19.68
16.56
8.1
7.39
1.2
18.45
168.63
32.05
61.49


1.44
1.43
1.7
42.23
73.11
75.91
86.411192
457.257238


239.772829
-34.680958
567.741091
-0.385352498289
-0.00977318554445
0.0437619874479
0.626820433208
0.646939465675
0.123807767095
0.769100598701
0.803426751145
0.216185865993
0.290418470851

-0.24898917729
0.62857228089
1.00034803095
4.04096213384
0.216185865993
15.0430135222
0.142009412728
0.187996484804
0.12320403527
0.12320403527
0.176426862942
0.100403520819
0.098543065921
0.105053564226
45.5342960289
0.0619976802193
0.0772545249907
4.46301421393
1.62773779044
0.0922766515993
-0.022800514451
0.0246609693493
-0.503616397937
1