31.6
20.36
8.12
17.14
15.39
4.4
7.31
28.34
15.02
13.08
5.9
7.75
5.48


1.13
0.52
25.69
34.57
-0.010739091581
0.114843062482
-0.230476276042

-0.554558650823
0.471899454589
0.736674894303
-0.0855266399047
0.046452325643
0.0121951219512
-0.0399442063056
-0.0400757796561
-0.250215769597

-0.0855266399047

-0.0357394652638
-0.548202008215
0.0915835574225
0.0926654348206
0.113823631855
0.0391095029285
0.219194011896
-0.113576609248
-0.178957134022
-0.0540885675945
-0.0485019386676
-0.109173587884
-0.0301898195204
-0.0838076585674
-0.0535559318921
-0.126528577075
0.323141710863
-1