37.18
18.31
10.78
23.12
13.13
6.7
8.1
24.85
13.46
10.79
7.71
7.7
5.8


1.23
0.58
29.0
40.84
-0.0764413647541
-0.204758589623
-0.16947095528

-0.786818851252
0.131714788133
0.0987711930316
-0.102625413574
-0.0956066087346
0.0
-0.0605380997178
-0.0602069614299
-0.19554489066

-0.102625413574

-0.0304554232379
0.8570016798
-0.00578909125561
-0.00634077244348
0.0179238661674
-0.0712294412038
-0.0613273592831
-0.0838186303181
-0.355995410212
0.0657236297726
0.223612681966
0.428001358465
0.300818553888
-0.0503527970255
-0.0648886687603
0.0549865868396
0.163130182836
-1