16.71
15.66
11.38
10.2
9.63
6.95
8.02
18.92
10.4
7.9
7.39
5.99
7.28


1.98
12.6
68.12

0.0579381992541
-0.0499839794938
0.292931064725
-0.452423698384
0.0528468694333
0.696421577354
1.67536795335
0.169079967582
0.125322391559
0.00537634408602
0.0917906336088

0.320258057491

0.169079967582
-0.00224175713458
0.266072718517
0.509770500768
0.185577449371
0.185577449371
0.157210395401
0.324748794483
0.201804448175
0.545180949515
-1.03183104285
5.14197349043
-11.6991596639
-11.6991596639
9.44456521739
0.655719625023
0.139171345112
-0.016226998804
-0.107353615355
1