69.65
58.66
43.25
47.08
39.71
29.24
26.57
57.19
29.61
26.7
20.87



3.6
2.35
5.23
62.1

0.0226777271312
0.00204629070051
-0.112765807908
0.386001791991
0.10345664775
-0.392310991539
-0.459908310887
-0.0646115906289
0.359384017431
0.498240660295
0.112810032044

-0.485104843387

-0.0646115906289
0.165725702156
0.913951202336

0.130693816834
0.130693816834
0.109069188907
0.147442040929
0.0681060237616
0.253801432863
-0.184782608696
0.256955899713
0.253341482823
0.253341482823
0.197430305329
0.213789131319
0.0167482240951
0.062587793072
0.243459624741
1