22.9
17.29
9.67
13.38
10.44
5.65
5.39
14.58
7.95
5.46
5.64




1.6
2.57
42.22
73.07
0.0942653375046
0.0555932131304
0.183694437915
0.045725458043
0.331461930126
0.0723957915027
0.0388749784906
0.152021121261
0.129135980991
0.00240384615385
-0.0641146360082
-0.16220547733
0.297683692968
0.695227287056
0.152021121261
0.399633920039
0.033360773417

0.236461081578
0.236461081578
0.218416055887
0.353919431946
0.19922061634
0.725943125239
-1.16663735491
0.499209894231
0.518473369753
0.458592804392
0.246798252222
0.438288896042
0.117458350368
0.0372404652379
0.0527666436629
-1