1.98
3.73
0.55
-0.54
3.01
-0.15
3.18
38.1
33.02
23.27
8.87


0.18
1.31

82.69
6.61


1.48
1.48
0.4
27.55
38.02
250.84
3.623586
113.817668
0.15
0.170148
182.805048

663.644038
0.0314183123878
0.151815629088
0.227097610808
-0.328536218219

0.147196975483
-0.692079843581
-0.815785310288
0.109561095
0.00682101428434
0.0966448622518
0.162567776703
0.209866243816
0.0164959548727
-0.0643473711745
0.109561095

-0.606007699884

-0.108158609896
-0.108158609896
0.0227409115315
-0.261691660245
0.122536393367
-0.393905293034
0.281535871978
-0.859866716031
-0.873921735082
-1.0557384244
-0.636801903331
-0.299610674021
-0.153533050349
-0.230695003263
0.220377608323
1