21.98
9.01
2.95
5.15
6.64
0.69
10.58
43.26
39.9
30.91
11.47
6.64
2.52
0.29
1.53

67.08
5.84


1.45
1.45
0.16
13.41
15.49
613.48
16.863197
159.400276


76.733303

572.221557
-0.0167572463768
-0.00116743100466
-0.0739000081031
-0.0241173488201

0.127809160706
-0.317547711535
-0.6605625
-0.0027662295232
-0.109183662556
-0.0539081401736
0.0340544150881
0.0486800922258
-0.220135336743
-0.403094059406
-0.0027662295232

1.23232581967
0.0919449390604
0.279923365412
0.279923365412
0.0468809980806
0.807725746854
0.0757518560463
1.4828802897
-0.0909208383945
-2.06712915731
-2.00503319304
-1.21363840064
-6.69358772056
0.810171224795
0.527802381442
0.204171509366
0.304040714232
-1