14.24
7.68
4.32
9.83
6.28
2.98
20.26
46.02
42.04
34.24
21.78


0.22
2.39

64.29
3.4


2.24
2.24
0.46
30.36
43.59
217.42
26.670557
131.63061
0.17
0.229803
187.271095

616.905745
0.046992481203
0.00502367525219
-0.00985376122545
0.549381687704
-1.0
-0.0514896314407
2.21770975163
3.23252699422
0.0370753224294
0.0377787892581
0.0213506975736
0.0254205734783
-0.0056360536645
0.272899050498
29.8306451613
0.0370753224294

0.877300613497

0.206581886851
0.206581886851
0.0863568051276
0.386562564208
-0.00701209874414
0.605535391651
-0.0541532071989
2.09441233141
3.84438843194
2.81978206203
0.793146032726
0.410076056499
0.179980677356
0.213593985596
-0.342799800853
-1