-149.57
-21.65
-24.49
-99.67
-12.92
-16.32
-95.67
39.0
35.19
-79.13
50.56
6.82
0.23


1.24
0.21
16.37
19.58
-0.230047605896
-0.0585763902935
0.0387727407226

0.348770644303
0.641455290802
-0.213844175381
-0.380514733088
0.207022726293
-0.185790465095
-0.134812994813
0.0791620148421
-0.125945945946
-0.213844175381

-0.101819678127
-0.369129997519
0.0647210434511
0.0647210434511
-0.000741067136677
0.186249721127
6.13112546125
-5.85040092926
-0.392253283934
7.76973721074
7.72601615481
7.41946159745
10.3457924697
0.241691289063
0.121528677676
-6.0664044178
0.0259483027285
1