10.36
8.3
5.49
7.09
6.36
3.76
8.51
38.06
17.2
10.85
12.17
7.33
5.76

8.0
2.82
1.46
53.02

0.0900565373399
-0.00392130072414
0.252693738801
0.0835272082019
0.357215888758
0.59542018092
0.134329760507
0.0947780024319
0.0
0.105176820003
0.0694423670506
0.552296697311

0.134329760507
0.185570437264
0.132419395449
-0.0562332467526
0.066357969724
0.066357969724
0.0872104863644
0.0340773930364
0.0425627934233
0.0133861112936
0.151224154339
-0.0189153573239
-0.000482829380168
-0.000482829380168
0.00502147915941
0.0121779617175
-0.0322805766875
0.0237951763007
-0.186335769077
-1