5.76
4.28
3.02
3.76
3.14
1.97
6.41
43.41
14.86
7.0
12.05



7.77
4.45
1.34
52.37

0.00374375249425
0.0595922351155
0.221659187235
0.327886678226
0.183079559364
0.215944574551
0.0771684664592
0.056925764742
0.047619047619
0.0325499618454
-0.00382064083632
0.568554131054
-0.536
0.0771684664592
0.246412937743
0.148065880931

0.204768162943
0.204768162943
0.248369122666
0.15229790139
0.373908143139
-0.373199703044
-0.556733167082
-0.348390359009
-0.289140526094
-0.289140526094
0.0257062146893
-0.127064957848
-0.0524702615535
-0.169139980196
-0.0168910242921
1