6.42
4.82
2.14
5.25
4.38
1.75
9.25
90.65
31.67
16.29
22.94
9.98
7.82
0.26
1.77
9.53
8.15
57.71


0.64
0.42
0.6
33.38
50.1
165.79
56.865812
614.638724


885.674069
-20.081326
2653.362527
-0.0190242405646
0.0832427224554
0.0936970713499
0.0144087446174
0.107353730542
-0.230103806228
0.00556018904643
0.0785597381342
0.0779611909573
0.0934121099784
0.090525632706
0.190421834969
0.256747242431
-0.283460445641
-0.981612446959
0.0779611909573
-0.630822311673
-0.528625954198
0.139807903431
0.176576252919
0.176576252919
-0.120631881283
0.219066520668
0.231832743214
0.164
0.533259423503
-0.0162337662338
0.25867768595
-0.0287769784173
0.161897396236
0.220196078431
0.042490267749
-0.0552564902946
0.162167508302
1