78.79
71.74
30.71
6.3
13.76
5.89
20.78

22.68
20.68
5.98


3.45


38.79



1.39
1.39
10.18
38.97
63.86
9.83


23.6





0.29348645869
0.379536812997
0.544936715587

0.460259428056
0.567744024173
1.11952266225
0.485434294105
0.689568634879
3.19142145912e-05
0.658859711379

0.363626894433

0.485434294105

1.35010118531

-0.51980699782
-0.51980699782
-0.509253211409
-0.519604526146
-0.478220542964
-0.633830689493
-0.713924050633
-0.634324514165
-0.632349379759
-0.449589611662
-0.4710724365
-0.625448632495
0.000202471673936
-0.0415864548553
-1.06474371341
1