24.63

9.5
16.84

6.5
7.91
21.54
13.94
10.63
8.71
3.91
4.85
1.55

12.82
43.23
41.33


1.61
1.2
0.99
38.58
62.8
101.03
23.032798
291.243767


93.519224
24.256177
242.437784
-0.00824175824176
0.109429118375
0.0915172564195
0.266929413118
0.202136829822
0.220483614037
0.384123628565
0.528465579074
0.161776816829
0.154774739769
0.152565430144
0.108181027772
0.118513011152
0.282818603388

0.161776816829
0.125528928467
0.24188370485

0.0842215289628
0.0842215289628
0.0639492862969
0.165096339471
0.110318065813
0.227224611168
-0.0515023735646
0.365281928344
0.369344106464
0.357963231922
0.146499461841
0.134873965201
0.0808748105077
-0.02609653685
-0.182707884155
1