16.77
11.51
7.45
12.56
9.0
5.58
5.21
26.71
8.25
5.69
6.46
8.89
47.88

1.15
2.31
1.48
44.43
79.97
0.0407150112162
0.0695020746888
0.127884621354
0.112834512976
-0.0842468352247
-0.630928242916
0.0901862402766
0.139495626516
0.0216964461025
0.00014314855241
0.0645568332146
0.125002975581
-0.513263157895
0.0901862402766
0.153777752513
0.130100378524

-0.0529660276478
-0.0529660276478
-0.0267046227464
-0.118237573992
-0.133649965853
-0.0562539793511
4.57958477509
-0.124137057445
-0.138498534606
0.0609059062135
0.0532262422322
-0.0279024788403
-0.0652715463439
0.0806839382056
-0.180850649002
-1