-2.2
2.16
-0.77
-1.14
2.61
-0.4
-0.78
24.38
6.33
3.45
2.48
8.52
15.04
1.18
1.32
6.94
52.59
36.63

1.3
2.86
2.02
0.73
34.95
53.73
141.68
-2.432034
310.305424


110.492881
58.472881
316.144746
0.0350877192982
0.0252263247827
0.112117168636
0.108178850507
-0.0185713594815
0.0578164301647
0.269676141579
0.431249337464
0.06361004527
-0.0827434344287
0.0215071064629
0.27872905177
0.365745582268
-0.0748675670832
0.203961532941
0.06361004527
0.0252668743016
0.240423680245
-0.107246474282
0.414843631665
0.414843631665
0.431395233428
0.365849553189
0.277977316005
1.34534032192
4.9164947666
-2.03887923545
-1.78188131313
-1.77470809008
-0.054840992341
0.773888030356
-0.0489940784761
0.13686631566
0.306664781158
1