8.46
8.17
2.46
4.9
5.92
1.43
0.88
15.3
2.94
1.82
1.62




1.15
1.72
29.13
41.1
0.300816072509
0.217627443086
0.293107517998
0.307317821651
0.459458957304
0.42544273685
0.296034131033
0.0947001499684
0.0170212765957
0.0073073732494
0.0459166384277
0.599154845471
0.158241758242
0.296034131033
0.287414946625
-0.435910182813

0.202824129811
0.202824129811
0.212940748991
0.149749585638
0.276077241648
-0.336414147169
0.413107857518
-0.575916230366
-0.635065549221
-0.635065549221
-0.00376864576986
-0.0135000587497
-0.0530745441734
-0.0732531118371
-0.0902833881871
1