10.31
8.8
3.67
6.07
6.25
2.16
1.47
15.92
3.43
2.75
1.54
11.12

4.21
4.45
7.08
12.38
6.06


1.14
0.27
1.5
35.62
55.33
73.42
10.85377
739.088946


105.227797
117.311645
295.40703
0.0663805436338
0.0308129157312
0.064014728011
0.239886720565
0.303360072929
0.271638164783
-0.318549391211
0.500869828303
0.118080809825
0.0891640144635
-0.00381679389313
-0.0146725862248
-0.0702276979608
0.24501643682
2.70525949147
0.118080809825
0.298424709301
0.204165657544
0.260423596263
0.217305715991
0.217305715991
0.235279089675
0.130434614487
0.0861862666844
0.403834409756
0.330515002912
0.47497766677
0.443650452002
0.450909312456
0.0676623670514
0.221100982628
-0.0868711015036
0.131119449306
-0.0225810045743
1