5.48
5.35
3.64
4.96
4.99
3.3
14.3
48.02
36.63
20.57
29.02
9.25
11.44
0.27
3.52

80.33
13.65


3.86
3.86
2.26
66.47

44.34
32.134118
224.629412


586.388235

882.234706
0.0
-0.0125904319309
-0.0114319209513
0.242832444893

0.277303114789
0.224814704546
0.32534595401
0.0212099691621
0.0538111140358
0.011583011583
0.0190337766216
0.043450075914
-0.308735571299
-0.949989499895
0.0212099691621

0.724679456281
0.261813813128
0.0614399359584
0.0614399359584
0.0295456902811
0.0982772872665
-0.458493061511
-3.95130016534
0.147739272343
-2.15137208616
-2.43715642538
-2.42362929918
-0.075734699155
0.0926788113614
0.0368373513082
0.51993299747
-0.181392508934
-1