19.11
15.52
13.83
14.64
12.1
10.6
42.22
60.46
53.88
43.88
42.35
7.25



2.65
3.26
72.39

0.316366005888
0.31820716832
-0.0634328358209

0.608610675763
-0.473530834749
-0.515230971858
0.243974327044
0.248718204452
0.00888888888889
0.211437948574
0.000426359019374
0.322660098522
-1.0
0.243974327044

-0.203834279834

0.219610953248
0.219610953248
0.198854572298
0.233576447686
0.187846596626
0.251797018488
-0.649585635359
0.39247259676
0.10304360909
0.10304360909
0.096439056168
0.214844066573
0.0139654944377
0.0317643566224
0.283043789069
1