-1.2
2.31
-0.6
-1.47
2.16
-0.73
-2.73
41.42
30.17
11.41
15.44


0.24
0.92

89.48
38.27


1.16
1.16
1.18
49.97
99.87
90.63
-1.941718
71.222904


161.634458

323.47546
-0.0369276218612
0.0956650266948
0.110145787247
0.138477382556

0.00868070727373
0.414155787911
1.10280710173
0.0994211999632
0.0822550388871
0.005
0.0432864744907
0.0905917012203
0.806103474678
2.41341271231
0.0994211999632

-0.655408627791

0.0724557351809
0.0724557351809
0.0690847644123
0.0772605911238
0.0765090646889
0.079242208189
0.40647096636
-6.23140495868
4.01498127341
-9.67228464419
-0.247120602135
-0.0170026661677
0.0048048559429
-0.00405332950801
-0.0660216473747
1