27.07
17.86
9.53
32.01
20.78
11.27
16.77
44.66
22.63
17.87
24.59




1.37
1.44
35.2
54.31
0.0820436470957
0.207999912185
0.0396622032496

-0.0234340534112
0.0697805168775
0.0974602538348
0.0581274467039
0.0801309277819
0.0
0.478835273816
0.691195303869
-0.110913960442
-0.907334520748
0.0581274467039

0.900046373754

-0.259308407959
-0.229226111444
-0.0971722058454
-0.394124634326
-0.230065406034
-0.540853472772
-0.437161853856
-0.546324727531
-0.543510476093
-0.101114692123
-0.179328102895
-0.51663535136
-0.164898522882
0.000839294590669
-0.268888314693
-1