44.34
29.02
8.31
-30.66
-16.65
-5.75
16.91
40.08
20.45
17.55

11.19

1.6
13.88

93.8
61.44


0.66
0.66
1.56
18.75
23.08
64.89
41.8174
247.357467


94.299933

502.936667
-0.0625
0.277770262058
0.102878623009
0.238791924936

-0.00524348345926
0.369352452956
0.368063315955
0.259622633319
-0.34141928551
0.0
-0.0414157611562
0.287282331005
0.804397608933
-0.981648625619
0.259622633319

15.8249238095
0.0894092012697
0.0379352083906
0.0376178589259
0.107654149492
-0.0513202579025
-0.188966828691
0.2128696831
-0.0929066787276
0.228762228639
0.241711226352
-1.88426983247
-1.51078469899
0.107090692873
-0.0889381168284
0.226584687617
-0.20117406601
1