50.22

13.82
33.15

9.12
24.0
42.74
26.8
23.68
18.96
6.61
10.26


1.14
0.98
27.52
37.97
-0.0729243839833
-0.0619594937671
0.0303203323117

-0.582292995121
0.182952057703
0.0902794103694
-0.0233974821828
0.0247329212958
-0.0288158487168
-0.0536043399806
-0.0424325413098
-0.0320183631603
0.589248712332
-0.0233974821828

0.895515046296
0.153229216459
-0.261717117126
-0.262807322157
-0.302439308236
-0.199078974602
-0.253555240977
-0.149075719808
18.1616766467
-0.138146466993
-0.112915769265
-0.0126935618271
-0.0553400833869
-0.15869316898
0.0637283475541
-0.00925208117946
-0.293127654468
-1