15.74
15.28
13.08
10.98
10.66
9.13
14.22
57.65
20.42
14.31
16.02
10.24
12.04
1.07

7.81
68.4
12.44

3.99
4.12
3.29
31.86
83.1

3.27
42.16369
296.566964


267.799603
84.061508
322.268353
0.0752
0.0712739864377
0.183055183545
0.0638754263648
0.170275891601
-0.0553337990221
0.106327030853
0.173474201253
0.0669069710157
0.092466834484
0.0
-0.00813579163008
-0.114957760477
-0.049284887947
-0.890135946886
0.0669069710157
0.0214084235396
0.106102224582
-0.110481279756
0.157693052436
0.157693052436
0.113422597454
0.192526598045
0.184535837395
0.217394397257
-1.08054169636
0.0996093244677
0.140900346287
0.140900346287
0.150384245917
0.201600598502
0.0348335456092
-0.0268427849586
0.0938176260711
