10.62
9.6
3.43
5.22
7.67
1.68
4.17
71.76
13.0
10.6
4.46




3.06
0.55
32.25
47.6
-0.006178535369
-0.0931701621982
0.0217445321731
0.133459396375
0.0612787320963
-0.0514908394204
0.00165077505382
0.0918843059414
0.104784246819
-0.0305599155343
-0.037693026224
-0.070355017906
-0.00711427301023
0.00165077505382
0.00405641183918
0.0734757232346

0.0167393150596
0.0167393150596
-0.290561824114
0.225649810964
0.272138695058
0.012157251404
-0.537851827887
-2.21734086553
-1.75886979567
-1.42389478575
-0.177639553429
-0.372692310901
0.208910495905
-0.255399379998
-0.0050052171135
-1