16.65
10.4
5.46
7.9
7.25
2.59
6.32
70.08
13.49
11.05
5.43
8.5
8.4


3.71
0.56
32.8
48.8
0.0288648867098
0.0722830451875
0.16556713923
0.0453859999027
0.00750628045643
0.640840092269
0.840437888379
0.0711704750534
0.120381876805
-0.993214748006
0.0462687755427
0.0328947855509
0.0645100783471
-0.333333333333
0.0711704750534
0.018093949588
0.207812104177
0.287474811994
0.103207029105
0.103207029105
0.139170876173
0.0885321739361
0.0788366101765
0.143395116211
-0.100035147484
0.433904430033
0.388176675144
0.197363935916
0.142925573319
0.131869181189
-0.0146748551688
0.0243704189283
-0.0623601101246
1