30.63
26.98
15.83
20.79
18.85
10.75
11.58
39.49
16.23
12.23
11.86
10.25
13.74

9.3
1.43
4.73
51.7

0.103470430616
0.0616656394484
0.0715579319746
0.102275123822
0.0264016571179
0.0942918166393
0.00186804205842
0.0862055328198
0.15760998654
0.019728729963
-0.346168661959
-0.457464078527
0.217847394626
29.6510318949
0.0862055328198
-0.00581121806691
-0.163250209699

0.071598794941
0.071598794941
0.0451236412018
0.114878121504
0.10744746593
0.131802006376
0.345819483508
0.121817753484
0.0921717171717
0.0964019446162
0.0959594666485
0.122526328341
0.0432793265628
-0.0358486709891
4.08629664395e-05
1