31.61

15.33
21.95

10.65
11.06
37.95
15.49
11.58
11.6


2.08

9.69
51.44
32.56

7.34
1.62
1.19
2.67
48.51
94.2
37.49
30.920885
279.473398


97.828308
43.50816
201.678469
0.0225344144824
0.27923290115
0.132525207848
-0.0172270739638
0.0728120393542
0.0160249266209
-0.100412660405
-0.228997002976
0.0997546271388
0.212517542937
0.0278833967047
-0.120221060559
-0.146601275489
0.100725593867
-0.843740838464
0.0997546271388
-0.0154655738663
-0.161456650686

0.117842466587
0.117842466587
0.0953965341488
0.156584799884
0.0800192931519
0.379289882695
-0.419409909074
0.473879219409
0.474813627813
0.474813627813
0.331917473429
0.302773670793
0.0387423332971
0.0378231734352
0.135069540551
1