25.58
23.14
15.23
21.01
19.11
12.51
10.76
37.69
14.46
10.88
12.42
18.9
45.21
2.1
40.25
7.84
49.33
36.17

10.04
1.51
0.96
7.51
59.55

14.45
32.700633
303.8282


127.826916
49.875941
214.65332
0.0393028632403
0.151590787021
0.134194871009
-0.0274565505254
0.313659383633
0.0946804537498
-0.386796395673
-0.63620192077
0.0560311008893
0.216483303533
0.00846432889964
-0.234300633058
-0.67870794468
-0.0809948462433
0.0423578380364
0.0560311008893
0.242688188547
0.0976159717526
0.796277841275
0.0933671849815
0.0933671849815
0.125878075363
0.0435463334266
0.0753469531605
-0.0273234635901
-0.801367911086
0.0159973630136
0.226923833117
0.229804735698
0.14505352452
-0.025874921755
-0.0498208515549
0.0180202318211
0.120823735507
-1