-52.49
-28.9
-21.37
-42.84
-23.28
-17.45
-18.52
27.71
1.77
-14.46
1.12
21.61
14.81
1.65
-14.39
8.56
51.79
30.39

11.39
2.03
1.58
1.39
40.72
68.68
71.83
-55.748787
301.085741


106.215144
53.080996
260.862371
-0.189156832564
-0.310455088591
-0.197199558779
0.0575898144839
-0.146025220281
-0.284732538598
0.658506433583
1.62812795539
-0.125022064611
-0.248322568415
0.128418549346
0.245994411569
0.34957513579
-0.180188146671
-0.0532081377152
-0.125022064611
-0.1895796333
0.474435821357
-0.581424695066
-0.298957925861
-0.298957925861
-0.27489883763
-0.354802510537
0.157821958314
-3.21677484471
0.50144047341
-5.84035198564
-5.41250719556
-5.24195118115
-0.872035642219
-0.848818281468
-0.055844584676
-0.456779884175
-0.356547740345
