18.77
13.61
9.11
11.74
9.11
5.7
3.87
33.13
7.22
4.35
5.29
6.48
6.9

0.01
1.16
1.78
48.56
94.42
0.135851130726
0.114904176406
0.0457892798906
0.0572511854753
0.0803946512041
0.112610760085
0.108988166876
0.118414086151
0.0192832743612
0.125417673022
0.21533903704
0.0732371920474
0.127709431752
0.108988166876
0.0390960928726
-0.0971643943723
0.004453212096
0.0970510616596
0.0970510616596
0.0931515689808
0.105005659298
0.0954230383871
0.172844088707
0.0852230956286
0.184717719996
0.20508625818
0.199087844537
0.163489194759
0.157519721093
0.00795459763818
0.00162802327243
0.051261781769
-1