1.43
3.0
0.59
0.47
2.49
0.2
0.67
33.37
15.91
5.31
10.83
6.29
5.68

0.14
1.5
1.13
41.27
70.27
-0.0630097874329
-0.095199831083
-0.0123078186119
-0.067166024439
-0.02175598929
0.0649714485824
0.319098785356
-0.0467185456304
-0.0284226748925
0.0020110030596
-0.102433899987
-0.0576777630654
0.022316542893
-0.844613179406
-0.0467185456304
-0.116588129166
-0.0744890444629
-0.126085106508
0.0160841870983
0.0160841870983
0.0421477257636
-0.0322404241207
0.0476563738204
-0.310286295771
0.876675638941
-0.871088782281
-0.884557005323
-0.943137139345
-0.234362162426
-0.112419550843
-0.048324611219
-0.031572186722
0.0283920057102
-1