36.32
23.25
18.49
22.65
14.8
11.53
15.13
26.43
18.79
15.7
12.52
12.52
17.9


1.64
1.62
50.91

0.0838906281694
0.0325920415194
0.103549806073
0.00113250283126
0.348823913754
0.55816131265
0.0894968094661
-0.12090582279
0.00904264072826
0.991063607243
2.3064516129
-0.0234449406035

0.0894968094661
0.0698114373079
0.387738172722

0.0437844110052
0.0437844110052
0.055784623435
0.0117669871536
0.0636619435233
-0.0208459421197
0.925297113752
-0.0387764842154
-0.023292386727
-0.023292386727
0.0170572621963
0.00538494203959
-0.0320174238516
-0.0198775325181
-0.059765395068
-1