28.5
15.95
11.12
17.61
10.6
6.87
9.38
21.73
14.19
10.83
9.15
4.13
3.38


1.28
0.96
39.01
63.96
-0.0202303547125
-0.132803460491
-0.0921296296296
0.245380389546
0.0637375725794
0.320129557491
-0.0402972499963
-0.127633949554
0.0033306993619
0.01693613648
-0.0750139893874
0.0423468141337

-0.0402972499963
-0.0676869812113
-0.37516944795
-0.563480600101
-0.0688502570329
-0.0688502570329
-0.0275374425682
-0.192393743695
-0.0668585116728
-0.288673170554
0.141986947063
-0.327967340889
-0.322743955095
-0.322743955095
-0.233671449777
-0.237736260793
-0.123543486662
-0.00199174536017
0.0232793725967
-1