3.43
3.21
2.34
3.34
3.13
2.28
1.4
54.1
4.25
1.53
4.08
7.25
9.92


2.51
5.45
68.38

0.00348851696499
-0.0048309452663
0.0513009429534
-0.0146086322762
-0.0994182626315
0.192928091657
0.305379390995
0.0257831785955
0.0352678516665
0.0136949426293
0.033807393559
0.256079695283
-0.0117293022605
0.470588235294
0.0257831785955
-0.0206097997139
0.0977946642438
-0.0584228961531
0.0545112398515
0.0545112398515
0.0808025206894
0.0331913164473
-0.010044104211
-3.06126439279
0.0124223602484
-2.6037352071
-3.02057908591
-3.02057908591
0.668293004549
0.787085396459
-0.0213199234042
0.0645553440625
0.0032102968981
1