12.35
3.05
2.02
7.65
2.24
1.25
6.88
15.59
15.59
9.61
10.23
8.29
6.3


1.21
0.21
16.33
19.52
0.0374327609445
0.0250296978156
-0.196234596044

-0.341913411073
-0.341913411073
0.0179654861702
0.0291256950379
0.0387635684741
0.0219157154433
9.30529046061e-05
-0.0647707700751

0.0179654861702

-0.515344690894
0.10119216065
0.153876662092
0.153841058341
0.141577575655
0.22538398447
0.0518634074113
0.365264515304
0.240040788579
0.422460100602
0.359524622796
0.367710303454
0.163769297418
0.22538398447
0.0715429261284
0.10197765093
0.350075654385
1