7.04
6.25
3.43
6.44
5.86
3.14
2.92
30.3
8.34
4.4
6.61


1.58
4.27
8.37
71.12
44.59

1.14
1.89
1.34
1.92
48.71
94.98
56.37
8.649333
295.762889


122.902
57.145111
252.302
0.0
0.0404456479746
0.0012103724907
0.23447018007
0.0852556099092
0.0974110261986
1.11222885381
19.5607361963
0.126808775015
0.085838873204
0.00724459293125
-0.0314293953538
-0.14218209591
0.467054282943
15.5726681128
0.126808775015
-0.0446198028704
0.0472298020655

0.0338700769266
0.0338700769266
0.0530216265853
-0.00765383971728
0.0185473050848
-0.138122847809
0.145806602123
-0.233939537081
-0.239555080683
-0.0780962738548
-0.0508975257399
-0.0908428208699
-0.0415239166439
0.0153227718418
-0.200600103143
1