14.52
11.64
8.34
12.63
10.27
7.26
7.09
30.67
10.8
8.08
8.9
7.56
10.86

1.44
2.34
2.64
57.44

0.0181966313887
-0.0338066314846
0.118011607576
-0.0425748842716
-0.0162700208126
0.375685950067
0.16035775115
0.0643734443503
0.115945652552
0.00520388665284
-0.0781212309177
-0.106315119068
0.102242222251
0.0833333333333
0.0643734443503
-0.0460849609619
0.130079660187
0.0309576032838
0.148994490084
0.148994490084
0.164398043371
0.115630801629
0.0485595094233
0.358758082367
0.541607898449
0.336761596492
0.265150572977
0.25717792796
0.0845530514054
0.169252330845
-0.0333636884548
0.100434980661
0.0309828825079
1