48.16
18.5
10.7
36.22
15.43
8.04
12.11
94.88
22.58
18.65
13.04
6.42
4.91


1.57
0.35
22.21
28.55
-0.0947657561422
0.0497708958761
0.210241260463

0.0212868892114
0.406015037594
-0.547368421053
-0.0425361494035
0.669093315685
0.0
-0.150239681983
-0.174371993586
-0.128305037573
0.303448275862
-0.0425361494035

2.80383795309
-0.139725726823
0.0777455405115
0.0777455405115
0.177548682703
0.0728338688765
0.0573266025863
0.141244661379
-0.0485859318347
0.279094260137
-0.778876114752
-0.790721649485
-0.727092465039
0.0966101694915
-0.00491167163501
0.0204189379252
-0.132495719951
-1