
11.64
-5.05

78.92
30.39
-6.44
94.66
15.06
9.69
44.14
15.12
7.18


0.66
-0.52
-56.91

-0.430276154001
-0.0998149290561
-0.275928660684

-0.370198079232
-0.24613003096
-0.38984765532
-0.350600934787
0.0
-0.423262498717
-0.409410427448
-0.230738744451
1.03273809524
-0.38984765532

-0.126409651193
-0.284823710207
-0.0518431141256
-0.0518431141256
-0.163583252191
-0.044638372677
-0.0861653732941
0.588775510204
-0.559108691954
-0.788732394366
-1.43353503806
-2.00370430021
-2.34190620272
0.273540241978
0.00720474144858
0.0343222591685
0.224085546558
-1