
12.31
1.31

7.55
-2.04
1.57
75.65
21.57
15.79
3.33


1.18
1.79

45.49
14.88


1.0
1.0
-0.28
-27.17


1.917857
121.775
46.1
56.135714


145.821179
0.0
-0.0107947934261
-0.0742716003639
-0.0737808469742

-0.136170417542
-0.0344694710882
-0.0427305066575
-0.0300995105831
0.151045249352
0.000911161731207
-0.0140037764768
0.0294893701925
0.0673012204372
-0.294889253612
-0.0300995105831

-1.02246222371

-0.067851101126
-0.067851101126
0.0292909122686
-0.0953389243467
-0.247109338832
2.83847459319
0.00636924156808
-1.15734188898
-1.1335834561
-0.739510216815
-0.833448769722
-0.356276154291
-0.0274878232206
0.179258237706
0.0059297458482
-1