24.69

14.17
15.42

8.85
15.75
69.89
20.52
16.2
14.16


1.23

39.07
63.63
19.5


0.92
0.84
3.63
57.41

55.17
18.235032
115.768452
38.83
44.956355
73.853516
17.154645
128.650677
0.107142857143
0.188562916242
0.210219955884
0.0313564593701
0.163923625629
0.0786231009139
-0.10005186526
-0.304313565775
0.145308028127
0.157455725704
0.0172932330827
-0.469374602466
-0.603844549755
2.37001327376
64.0110860193
0.145308028127
0.0292023495031
-1.1259109596

0.130397450952
0.119597194434
0.142275932926
0.125355351996
0.146618131961
0.0601919650429
-0.26714768472
0.0738083433536
0.0878908593137
0.0860599386648
0.10791881293
0.0799650426043
0.00575815756167
-0.0270209375271
0.0882407350641
-1