-0.29
2.99
-0.12
-0.02
3.1
-0.01
-1.0
61.22
54.11
25.47
28.56
17.97
13.42


1.21
0.7
39.86
66.27
0.114090911588
0.0886009533466
-0.493776029482

0.551020408163
-0.52420922477
-0.958189567688
0.0694491048904
0.1976090869
0.178517397882
-0.00800194003079
-0.0101700814359
0.152668709698

0.0694491048904

-0.860404276313
0.0667211811693
0.166381996584
0.157611583144
0.152720155758
0.175205403697
0.197385350611
0.145432395756
0.21033736753
-3.76037735849
-3.76037735849
-1.02609756098
0.0569495741791
0.164888472131
0.0175938205532
-0.0397737674671
0.651387612626
1