
18.07
6.39

15.07
4.09
6.02
94.58
20.26
16.48
7.64
9.21
4.31
1.38
2.34

44.31
10.12


1.09
1.09
-0.31
-34.89


7.678571
127.492857
49.72
63.385714


120.107143
0.0
-0.0456100342075
0.00407793384685
-0.376007030907

-0.0558659217877
-0.541555555556
0.595419847328
-0.158492643379
-0.249872122762
0.0
-0.0772369714848
-0.0830353151542
-0.475743768427
-0.0889830508475
-0.158492643379

-1.54803149606
0.221873789472
0.0492005643075
0.0492005643075
0.0419806243272
0.0496176086551
-0.00846432889964
0.453063241107
7.55963302752
-0.404761904762
-0.557869443332
-0.696649029982
-0.554684949396
0.283079106066
0.000417044347554
0.0576648932072
0.425207595214
1