32.03
28.17
17.72
20.49
18.19
11.34
4.07
12.4
8.04
4.08
6.56
10.49



1.82
6.4
55.33

0.342360008715
0.309948474039
0.385871339937
2.15406162465
1.16365421682
0.845557350565
0.370650842475
0.740053216075
0.117647058824
0.198414882492
-1.0
0.0612648452583
-0.333333333333
0.370650842475
0.153993626778
1.20264382029

0.314098540531
0.314098540531
0.308802359898
0.352772114763
0.33941289631
0.380799802822
-1.14592592593
0.319835541884
0.494998166867
0.987051862165
0.609963982909
0.405245724114
0.0386735742324
-0.025314355779
-0.0717727994062
1