14.78
11.33
10.04
8.34
6.54
5.66
16.94
37.44
17.41
15.12
11.86


0.65
29.93
4.49
61.4
13.3

4.84
2.93
1.43
2.92
67.92

34.3
28.942993
170.818686


195.884402
60.846397
288.404592
0.249258160237
0.11717523183
0.0194806827037
0.0291049355659
-0.0628415300546
0.276821651631
-0.187745623437
-0.950474427216
0.0930579395278
0.116848292238
0.130841121495
-0.047495507637
-0.434998749375
0.412412941902
1.0
0.0930579395278
0.0587449197493
-0.097710368966

0.222671192896
0.222671192896
0.188279104162
0.284818886114
0.214091184184
0.405688429218
-4.59124087591
0.653399068253
0.798623305472
0.687939780723
0.506743624477
0.343680709534
0.0621476932182
0.00858000871158
0.19356625733
1