33.26

13.7
21.94

9.04
28.47
49.25
41.57
27.73
32.62



8.4
1.48
0.94
41.2
70.07
0.64222212878
0.567993401972
0.465000531578

0.0831073949782
-0.000680257181102
0.598894063872
0.266537353875
0.0642282741921
1.02880180463
2.17173454627
0.78280982134
-0.327161135962
0.598894063872

0.0672789652391

0.471261998704
0.471261998704
0.519112608818
0.425011852329
0.122529128557
0.801879201177
1.21637866266
0.810657713636
0.845751823758
0.878397317183
0.414906603154
0.46137814594
-0.0462501463754
0.348732870147
0.00626146712675
1