4.41
5.51
1.36
3.89
5.34
1.2
6.56
43.04
39.46
22.92
22.33
11.9
6.6


0.33
0.5
30.95
44.82
0.104396494151
0.105861220326
0.0326249625861

0.554904513889
-0.0955322434634
0.194939899186
0.102662857568
-0.00366082763653
0.016317016317
0.134047854473
0.112778550406
0.433518874211

0.102662857568

0.772788130993
0.61213535433
0.612136666449
0.598534498791
0.544252761216
0.71170767549
0.650232833173
0.769578680026
0.509960490747
2.09833971903
2.09833971903
42.1208053691
1.30112369985
0.752065784998
0.113173176699
-0.051698334382
0.565909536205
-1