21.74
13.28
9.15
21.84
13.32
9.19
8.36
25.14
14.25
10.94
11.71
5.59
7.3

2.37
2.14
1.07
42.07
72.63
0.166426858513
0.24644549763
0.105057471264
0.0886287625418
-0.0176348547718
0.528662420382
0.811387900356
0.141254125413
0.190832553789
0.0
0.227225939269
0.244057052298
-0.0822758902988
4.25
0.141254125413
0.158771929825
0.345044572627
-0.595274793778
0.131329519255
0.131329519255
0.169161853118
0.0319083023544
-0.061814556331
0.185761047463
0.147651006711
0.198051948052
0.61186440678
0.814029363785
0.53412462908
0.165432098765
-0.099421216901
0.193144075586
0.026272047991
-1