9.84
3.63
1.78
-1.86
0.94
-0.34
5.15
38.15
2.05
-2.5
3.58
63.92
17.64


1.73
0.3
18.11
22.11
0.00158908074517
-0.212126936154
0.339996099844

0.352397152813
0.105406719239
0.104425722723
0.0351428717477
0.0487804878049
-0.0239262035169
1.05
0.938200877621
0.67032967033
0.104425722723

-0.058742281443
4.14846690025
-0.411665540258
-0.411665540258
-0.43841331224
-0.362422333448
-0.276453962637
-1.68302153194
-0.180119064101
-0.603520286396
-0.645122681029
-4.28384279476
-0.251889848812
-0.748256182625
0.0492432068099
-0.135211577621
-0.751661640102
1