29.81
24.79
16.67
22.63
18.96
12.66
4.3
28.89
4.19
2.8
4.65
3.49
3.62
5.63
26.26
8.83
5.5
17.7


1.98
0.56
4.3
55.93

23.25
15.994776
372.14806


53.659701
29.538806
95.93791
0.196428571429
0.129398736773
0.254894613008
0.196070949435
0.332067657824
0.325712496085
-0.167858979231
-0.186141714977
0.16945301058
0.135615598921
0.0
0.234338541513

0.207668813693

0.16945301058
0.352010493093
0.184439106647
-0.20552706187
0.200101460736
0.200101460736
0.224542455199
0.14390879065
0.197058266129
-0.190921630675
-6.30677460588
0.35258109302
0.687956355792
0.687956355792
0.555504870261
-0.0731102960114
-0.0561926700858
0.00304319460753
0.00403051130144
-1