3.81
5.03
1.33
7.34
6.33
2.56
9.31
64.27
54.33
25.86
46.39
14.6
10.39


0.91
0.58
34.92
53.65
0.0251014086747
0.0344313231661
0.107916566622

0.20578640569
-0.811863391252
0.0288598391551
-0.0773635476483
-0.313110142571
0.105525552318
0.120711555092
0.00656513777857

0.0288598391551

-0.467062400463
-0.11120302775
0.042623547236
0.042623547236
0.0196055700277
0.055877987293
0.0836654461101
0.0171384519926
-0.0953898809913
0.306002682763
0.306002682763
1.14986524457
0.330798974373
0.0458654814978
0.013254440057
-0.0410418988741
-0.065293019386
-1