3.97
4.41
1.23
3.94
4.4
1.22
8.42
63.78
56.07
25.8
38.62
15.44
11.02
0.15
1.26

100.66



1.2
1.2
0.48
30.88
44.67
208.73








0.110930688894
0.037133311243
0.0549732620321

0.13775089118
-0.118314156527
-0.212445445586
0.107651379693
-0.0937004619095
-0.637913229416
0.219355556256
0.22716578734
0.39254657221

0.107651379693

-0.529991556248
0.0584412153401
0.0512843778639
0.0512843778639
0.0775625758325
0.0369249118622
0.0788454467459
-0.0191984247446
0.393577076809
-0.391406103726
-0.391406103726
-0.374057290824
-0.0678359771276
0.0307277970149
-0.0143594660017
-0.027561068882
-0.00368888416821
1