3.1
4.67
1.11
2.08
4.28
0.74
7.35
60.63
52.09
27.17
29.83
14.36
11.02


1.14
0.6
35.78
55.72
0.00289556462433
-0.00231570910392
0.0779770976357

0.12660220872
3.38121019108
0.00656484298529
0.0315205086333
-0.395422361755
0.00524108894684
-0.0227175976424
-0.140442173852

0.00656484298529

-2.26236077153
0.00352551881616
0.064193169841
0.064193169841
0.172468682491
0.00398673073204
-0.0730242688239
0.118372892635
0.274697820844
-0.159584028759
-0.159584028759
-0.708053825534
-0.315795438739
0.0202312138728
-0.060206439109
0.137217438665
-0.0137839277947
1