2.69
4.86
1.05
3.15
5.05
1.23
7.43
63.46
54.16
26.51
36.35
17.18
15.7


0.82
0.7
38.94
63.77
-0.0335134811955
0.0225485473904
0.303288783009

0.0846954464814
1.57668458041
12.7706270627
-0.0220438243259
-0.0625311542892
-0.201536383249
-0.0122001070064
-0.00440807928155
0.229743831156

-0.0220438243259

-0.0268747138178

0.0344779585955
0.0344779585955
0.0585424306297
0.0211109195379
0.0346841378155
0.00277162385105
-0.108589328551
0.47616454631
0.47616454631
0.126987204343
0.0329657878151
0.00471030905914
-0.0133670390576
-0.000206179220032
-0.268810824413
1