-62.17
-41.47
-30.73
-66.47
-44.42
-32.86
-27.31
52.5
15.2
-26.12
12.11
6.49
6.04
1.56
-34.83
15.07
89.97
21.1

4.02
2.02
1.75
2.18
49.43
97.75
45.79
-58.276923
213.369231


93.738462
54.969231
189.630769
-0.0441176470588
-0.414232781168
-0.0822102425876
-0.0999611549916
-0.08
-0.122753733232
-0.0746753246753
-0.111411817772
-0.270607728268
-0.437188250508
0.0
0.312323612418
-0.00499001996008
-0.127691917912

-0.270607728268
-0.0970432145565
-0.0709745762712
-0.277727179513
-0.0801220401937
-0.0801220401937
-0.0918114143921
-0.0692828838042
0.660271052231
-3.88375796178
-0.501501501502
-5.10400866739
-7.03576751118
-4.49740932642
-0.265091863517
-0.115771812081
0.0108391563895
-0.740393092425
0.0198391147979
1