4.97
4.22
1.27
5.47
4.36
1.4
9.76
57.02
50.49
30.92
30.3


0.14
1.47

6.54
24.12


0.23
0.23
0.37
25.58
34.37
271.44
22.401875
229.4575


450.26375

1760.4975
-0.030303030303
0.120047811528
0.121774875873
0.183559370942

0.501915708812
0.122901189505
0.55300803449
0.120748397437
-0.0281155271476
7.0323488045e-05
0.142736845796
0.191226743613
1.31652251126

0.120748397437

2.26576004835

-0.00729792797251
-0.00279537064696
-0.00590903363991
-0.00834237366823
0.0492054626496
-0.0522123893805
-0.00173481713742
-0.145822410753
-0.145822410753
0.294536739116
0.121951957403
-0.0166167950595
-0.00554700302126
-0.0520008332966
-0.186354741589
1