25.87
12.87
10.71
16.48
8.85
6.82
42.86
65.18
55.52
43.85
38.96
6.95
7.46


13.97
0.75
41.41
70.69
0.188250854183
0.15130691865
0.66870483778

0.281828285635
0.71846499128
0.745281317735
0.378705243669
0.0590879986961
-0.0590405904059
0.772092615074
0.835026999589
0.489086244326

0.378705243669

0.684371245322

0.503680457428
0.503680457428
0.428650425945
0.547079774543
0.28117889025
0.720759732464
-0.752342825949
0.995269663112
1.00186950832
1.00186950832
0.653099068193
0.567491413175
0.0433993171144
0.222501567178
-0.165024380352
1