24.45
12.34
11.29
15.71
8.13
7.26
41.7
61.92
55.27
43.23
38.84
4.28
2.04
0.28
22.42

84.82
13.91


1.97
1.97
0.93
46.18
85.8
107.3
161.887691
388.215633


662.084456

1433.731357
0.0192307692308
0.459377552508
0.474323601305
-0.484905117332

0.311151750873
-0.822786955143
-0.883516179589
0.264404528819
0.310477775762
0.00778210116732
0.210076857387
0.1255070085
0.471469591312

0.264404528819

-0.691649631766
-0.337119308301
0.27469687583
0.27469687583
0.296793719852
0.261478401086
0.220472440945
0.280071542621
1.25956284153
0.260015804306
0.269522128551
0.269522128551
0.327710347665
0.318632106728
-0.0132184747434
0.0542244348848
0.759601993162
-1