-2.08
3.22
-0.83
-1.36
3.53
-0.54
-2.88
55.75
44.64
27.15
15.62


0.31
2.03

59.96
13.19


2.8
2.8
0.74
39.71
65.87
144.31
-6.327787
220.06822


304.332779

766.341098
0.0809352517986
0.142112070135
0.140517499961
1.43683472972

0.286381686522
2.63697837344
3.20970617877
0.261002294369
0.627332176698
0.434482758621
0.048471346717
0.0579423256864
0.841613534499

0.261002294369

1.96960108487

0.193551298133
0.193551298133
0.250293772033
0.15205911761
0.335722608665
0.0063048168801
1.25154487216
-1.21071586879
-1.2218945487
-1.2218945487
-0.282418346074
0.108301893875
-0.0414921805226
-0.142171310532
-1.24328343158
1