0.77
3.23
0.42
-0.3
2.62
-0.16
2.03
56.0
52.41
15.4
36.23
8.7
8.33


0.02
1.36
55.09

-0.0425559679075
-0.053397988325
-0.962561062585


-0.962561062585
-0.962561062585
-0.0641781279907
-0.07493375499
0.0
-0.0375362253432
-0.0375362253432
-0.159982957874

-0.0641781279907

0.629994187758
-0.00762018023331
0.0467246461781
0.0442344015661
0.0362923086604
0.0550693899654
0.544289648696
-0.425105753688
0.573981113051
-0.889244825901
-0.889568172297
-1.05217758364
-0.0393033476739
0.0601783697763
0.0108349883993
-0.50005524713
1.00679546415
1