
-36.61
-33.19

-39.44
-35.4
-42.1
-36.2
-57.82
-58.98





3.75
-0.18
-17.27

0.288801740318
-0.203615716948
-0.501626586928
-0.485932910376
-0.436076479699
-0.536136395172
-0.496858698011
-0.443388020087
-2.05854104595
4.40560980982e-05
-0.305605281529
-0.30020568401
-0.159530209032

-0.443388020087
-0.549371912007
-0.565828127567
-0.189340295418
-0.517461778036
-0.517461778036
-0.440248560551
0.00319610842116
-0.307404868015
-0.14491773025
-5.02372527062
-0.424664911031
-0.362690402725
-0.362690402725
-0.34705189749
-0.117409855378
0.520657886457
-0.210056910021
-0.0158351911082
