46.11
20.61
17.42
29.24
13.09
11.05
13.23
24.09
14.23
13.39
9.24




5.61
0.8
37.78
60.72
0.169255336434
0.680577237939
0.39063026348
0.486291327218
0.335176210417
-0.272480661227
-0.391488133769
0.353243973622
0.454649925828
0.00979020979021
0.233486183229
0.240195701128
0.549755770211

0.353243973622
0.492084325676
0.360344140481

0.297302513723
0.297302513723
0.30665610274
0.268682642323
0.248747495694
0.28507461652
-0.698285982625
0.335961002921
0.354732302432
0.354732302432
0.408549072572
0.32016021183
-0.0286198714001
0.0485550180291
-0.0933277497574
1