20.15
14.74
10.89
13.81
10.59
7.46
11.11
33.78
15.47
12.51
10.57
7.05
5.87
1.19
9.54
8.94
47.39
19.99


2.18
1.55
1.89
54.03

52.85
20.598425
185.480315


102.220472
34.866142
189.19685
-0.0230769230769
0.246656636576
0.056430822114
-0.00848656294201
-0.213902147971
-0.13137254902
0.488320846188
0.465207631874
0.135807137792
0.287769070529
0.0
0.00542203985932
-0.000402090872537
-0.0152941176471

0.135807137792
-0.154800534453
-0.00263104634689
0.338292677548
-0.128975003698
-0.128975003698
-0.156491645487
-0.0694655595837
-0.0159104301709
-0.148265895954
0.199275362319
-0.178391959799
-0.187724014337
-0.191978368635
-0.0895467836257
-0.0834800100578
0.059509444114
-0.113064573527
-0.120488440756
1