-199.59
-5.0
-4.08
-163.59
-4.08
-3.35
-4.02
18.2
11.32
5.71
2.31



1.01
1.74
0.03
2.05
2.09
0.00205639007149
0.0140964306105
0.267937442795
0.206485134225
0.449260905051
-0.0989485036398
0.229524772497
0.078524503857
-0.356045424182
0.180045165264
0.0963905386791
0.0847046596224
0.0841487279843
-0.72647702407
0.078524503857
0.413161310024
0.642874425357

0.362451201094
0.362451201094
0.305346951036
0.695830085737
0.476155176674
1.51520737327
0.843137254902
0.336575199722
-0.0185127078757
-0.199695508754
-5.30739299611
0.934250491335
0.333378884642
-0.11370397558
0.0945137582991
1