34.26
25.73
9.09
27.88
21.59
7.39
4.0
16.33
5.56
4.33
4.48



2.41
1.36
1.86
26.53
36.1
-0.0933222729158
-0.0958819913952
0.122859642545
0.0992529348986
0.103718199609
0.0908554572271
0.0728006146754
0.284351972258

-0.516520157624
-0.746635730858
0.375780274657
10.5810810811
0.0728006146754
0.260931389975
-0.257589984351

0.41006715134
0.41006715134
0.428571428571
0.322282435448
0.130983302412
1.48868778281
-0.158415841584
1.97653958944
1.5572755418
1.54938271605
0.717948717949
0.809218950064
-0.0877847158924
0.279083848928
0.287207508796
1