10.08
5.31
3.07
6.21
4.02
1.89
12.26
76.31
33.08
18.35
22.28




1.01
0.5
30.48
43.84
0.0178739997531
0.0384613992003
0.343714998013
0.221234839494
0.249053916582
0.4082225401
1.23714908345
0.040181536418
0.0168255832175
0.0157200054289
0.0540406549483
0.0449145474091
0.0284700376237
-0.792539724947
0.040181536418
4.12155912795
-1.06144405234

0.018128756692
0.0179187471216
0.158823017324
-0.0188513174414
-0.110642651433
0.455790573551
0.130475959738
0.69860266316
0.0610910981543
-0.127728375101
-0.0476226702168
0.209838342194
-0.0367700645629
0.128561398555
-0.325796250891
1