18.1
11.76
9.66
12.81
8.66
6.84
14.9
44.12
21.18
17.24
14.48
9.44
14.25

1.96
3.06
1.42
53.35

0.211972974717
0.133404397493
0.139158263059
0.2936310075
-0.00931279990299
-0.0207411880784
0.190793531498
0.0999338499338
0.016548463357
0.632047605106
0.974209817603
-0.269716231042

0.190793531498
0.307160376981
0.565610899761
0.051157761479
0.215044482322
0.215044482322
0.228229657064
0.198743406282
0.186630001441
0.218126827844
0.520591452871
0.181163045447
0.233971992362
0.233971992362
0.237142671276
0.223162927755
-0.0163010760394
0.0284144808807
0.0758862192631
-1