-19.94

-9.24
9.3

4.31
-6.24
19.76
-5.17
-10.8
8.55


2.33


29.48
8.49

0.26
1.61
1.61
2.68
46.32
86.3
41.95
-53.246186
852.855508


267.017797

576.412288
-0.213333333333
0.0752623002373
-0.139769708919
-0.356979018765

-0.10977987846
-0.40043721493
0.0631221741646
-0.228328281823
-0.215584202193
-0.120859444942
-0.159066773934
-0.132612742057
-0.271882520462
0.261645021645
-0.228328281823

-0.460588671459

-0.0959759650237
-0.0959759650237
-0.0928179600989
-0.108578409397
-0.0777394749193
-0.0154266329086
4.49221556886
-0.384277293507
-0.374508257405
-1.32814266683
-3.53325086882
-0.055106732945
-0.0126024443729
-0.0182364901044
0.261003053741
-1