19.05
16.79
10.66
14.56
12.86
8.15
20.36
54.73
16.69
13.32
18.93



3.33
1.07
7.09
55.94

0.0180503022376
-0.0077235528343
0.742502492701

1.89889194368
4.17450417862
0.213720725094
0.167106010838
550.0
0.175921706916
-0.16275862069
0.303369065117
-0.294117647059
0.213720725094

-1.47397419168

0.139165510062
0.139165510062
0.110037780945
0.164437268127
0.339834607583
-0.172412705422
7.0347725297
0.199605127361
0.484861227923
0.433977267412
0.425437171524
-0.0990366299864
0.0252717580648
-0.200669097521
-0.603336982639
-1