13.53
12.46
8.0
8.76
8.12
5.18
13.56
65.31
31.47
15.84
24.41



1.72
1.23
10.13
59.12

-0.000180123873141
-0.0607166622976
0.187065273257

0.161843679214
0.204153422579
0.282325715939
0.0724273361642
0.133306891564
0.0508166969147
-0.20617618815
-0.568369028007
0.0390139437841
-1.0
0.0724273361642

2.24197002141

0.208513867842
0.208513867842
-0.0737403415909
0.441962277451
0.443430399686
0.43739756832
-1.39155366417
-0.194920326176
-0.304682337393
-0.318312294093
0.557892902153
1.2788610714
0.233448409609
-0.234916531844
0.0214485945856
1