11.7
7.68
5.27
9.78
6.5
4.41
12.22
57.87
20.35
13.71
16.85
23.41
16.8

0.03
0.86
1.59
45.06
82.02
0.481601005135
0.37797903276
0.262954694301

0.270732638997
0.256217460886
0.169128452935
0.425538873184
0.177409549172
0.0196374622356
1.1712831348
1.39521256293
0.412592431191

0.425538873184

3.6517976032
0.333259666898
0.253271591749
0.253271591749
0.249384290172
0.256117190685
0.369202378224
-0.0078678249095
0.896183793137
-0.0623104174867
0.0132717182082
-0.0168796282852
0.133280917115
0.111972327469
0.00284559893618
-0.115930786474
-0.0096831025522
1