-12.69

-7.63
-12.78

-7.69
-13.02
79.28
-12.78
-12.78




22.48
3.37
5.09
60.16

0.0782671480144
-0.0182882223848
2.70242570187
0.142118863049
3.87278669333
4.52885868026
2.25895014276
57.4723435226
-0.999962576951
0.273886378309

0.37499540627

2.25895014276
1.05201631174
11.9600935536

0.413852876386
0.413852876386
0.315251763561
0.442100861809
0.30205548732
-0.187494924888
-1.40084388186
-0.138924077358
-0.122089262613
-0.145176059269

-0.187494924888
0.0282479854228
0.111797389066
-2.28857282548
1