12.58
13.04
4.77
9.1
9.9
3.45
1.17
5.57
1.54
1.34
1.04
6.87

9.69
7.71
11.69
38.08
43.49


1.51
0.91
9.24
37.91
61.05
19.0
26.812628
2288.866934


213.173358
161.363212
562.358175
0.0538461538462
-0.00566363526936
-0.0445843898905
0.111141801967
0.214563581538
0.0409928706277
0.103867865542
0.0272989789849
0.0951411444792
0.197604115151
0.0431034482759
-0.356190976721
-0.405872928783
0.0882470860927
0.600306935537
0.0951411444792
0.152636436158
0.158956035515

0.0884871352407
0.0884871352407
0.0898821951315
0.0653662869148
0.0514738423323
0.111649254086
-0.30239790918
0.21658822867
0.225258867897
0.225258867897
0.162524356075
0.0883107497742
-0.0231208483259
0.0370132929084
-0.0226546667265
1