7.0
5.88
1.98
8.69
6.37
2.46
13.19
84.23
61.11
37.41
40.07
14.85
12.91


1.46
0.41
28.3
39.48
-0.04407666138
-0.0799588467744
-0.36276771405

-0.718141255849
-0.718141255849
-0.0639421668802
-0.0365506289923
0.0121765601218
-0.0723069725749
-0.0621238778364
-0.119673772373

-0.0639421668802

-0.603173069957
-0.0606621258163
0.00661200883767
0.00402287148274
0.150206003531
-0.0163777885274
0.0284292989566
-0.0672452647958
0.118630593029
-0.285389392658
-0.277833887833
-0.277230074831
-0.112228723975
-0.0237190835496
-0.0204006600101
-0.0244064274739
0.366790585533
-1