0.96
3.28
0.31
0.3
3.06
0.1
2.38
81.27
52.98
14.99
38.74
17.92
12.87


1.32
0.49
31.95
46.95
0.0782644844306
0.0766299920438
0.041754628126

1.01905045394
1.01905045394
0.0767211702482
-0.0533745141654
0.0378250591017
0.15045197134
0.133123791033
0.162166198698

0.0767211702482

-0.213606993539
0.119057664282
-0.024435026548
-0.00993357002363
0.0487164426632
-0.0398699433554
0.157252286709
-0.452403499278
-0.0677069075646
-0.82825176072
-0.863424412777
-0.867738082311
0.0645336317548
-0.0878453038674
-0.0299363733317
-0.167185856732
-0.0516881981496
-1