9.44
6.49
2.6
11.59
7.1
3.19
18.57
86.2
63.01
40.37
45.44
15.44
11.12
0.14
1.53

124.74



2.01
2.01
0.4
27.5
37.93
252.37
389.738636
2098.454545


4129.079545

15014.988636
0.0731707317073
0.0498942440995
0.0232926061265
-0.0754447999102

0.0401521555368
-0.333381696833
-0.333381696833
0.0410964408771
-0.0361395606698
0.0107692307692
0.0746507411752
0.0679288914583
0.0535617812765

0.0410964408771

-0.175309674593
-0.11970121784
0.0500864343554
0.0397507495823
0.264199613076
0.0223639504936
0.0275241610412
0.0165682571284
0.0717309689272
-0.0413405635063
-0.0590339892665
-0.068364907932
-0.0168603833716
0.0252429579636
-0.0173867990887
0.0122265885411
0.115195549492
-1