16.36
12.2
9.4
6.66
5.57
3.83
19.88
46.54
20.45
19.59
8.94


0.56
10.75
5.07
52.95
35.24

9.46
3.06
2.47
2.15
57.44

46.41
34.8135
175.085667


212.733167
43.1375
370.3335
0.0344827586207
0.0723070964734
0.258466842168
0.134361788063
0.295382344848
-0.00261440439995
0.127266831769
0.139213502001
0.101633311949
0.059945424892
0.0522619729347
-0.00925625420321
-0.0227849412252
0.643338789784
-0.405109489051
0.101633311949
0.0936806743994
-0.0139072901511

-0.00941631305988
-0.00941631305988
-0.0607419895435
0.0569224849436
-0.173478385275
0.71399547029
-2.67604856512
0.765927767069
0.167071404701
-0.0532026289406
-0.47925753906
0.0192310429745
0.0663387980035
0.164062072215
-0.143778101123
-1