2.23
3.95
1.55
2.32
4.03
1.62
1.51
8.81
2.88
1.08
3.38
75.72
39.0


2.13
5.93
69.82

0.266536197527
0.267215400624
-0.0586031641034
0.345572099389
-0.483960322051
-0.628692906265
0.115411537669
0.0811060747039
0.0113533835413
-0.0174155881022
-0.0637680827162
0.40608203876
0.341426298679
0.115411537669
0.199219738383
-0.271543727312
-0.253375709068
0.383953967008
0.379075094657
0.455237421906
-0.0815616040511
0.0780097667929
-0.553247901016
-1.07341516113
-1.44413825683
-1.39671556624
-1.39649595687
-2.24942965779
-0.221138760831
-0.460636698708
0.301065327864
0.43767825876
-1