33.82
17.42
12.6
24.01
12.9
8.94
13.4
42.32
19.38
16.67
12.21
9.34
22.41

7.88
2.33
0.85
37.24
59.34
0.0653419593346
0.129984501541
-0.00601798225921
0.0240071472234
0.0454666182681
-0.120804995962
-0.327818048914
0.0324203512327
0.105050719316
0.0
0.0697320808328
-0.0119593534332
-0.145827754251

0.0324203512327
0.0315322100888
0.133098680605
-0.0357963537158
0.0629678572491
0.0629678572491
0.108211614191
0.00694546373067
-0.0508769484979
0.11107871093
0.553192937094
0.0388022013777
0.0125551588461
0.0126366681051
-0.00177661030962
0.0855229180441
-0.0560223935184
0.113844805747
0.0689858395083
-1