10.23
8.45
6.24
7.41
6.23
4.52
5.53
41.68
7.9
6.05
5.86
8.5
13.27
1.45
21.39
7.62
55.99


7.62
3.11
2.44
3.65
60.99

27.37
23.816908
430.378261


232.732367

381.591787
-0.103119584055
-0.0475729835158
-0.133746752703
-0.152617084152
0.033629710811
-0.276457409641
-0.144887752086
-0.165686669655
-0.122956717157
-0.00486458684062
0.00980392156863
0.407710292846

-0.453990466367

-0.122957690962

0.148182383074
-0.442409587433
0.0490603141707
0.0490603141707
0.0207109658307
0.091484745683
0.0483372309644
0.440590090331
-3.61534090909
0.2583848078
0.466447503596
0.548065243797
0.435574383803
0.388146220277
0.0424244315123
0.000723083206284
0.201677398323
-1