10.41
8.3
5.74
2.64
3.06
1.45
14.21
50.1
20.46
11.98
12.07
12.0
17.93

10.26
2.45
2.07
55.17

0.224594903552
0.175834217544
0.0298357972227
0.255650713037
-0.0334904959028
-0.0538381376981
0.129819923573
0.0851450055978
0.0309626786584
0.131904259361
0.128423653151
0.287692747406
2.84662576687
0.129819923573
0.222833961171
-0.0953458404084

-0.0339966911436
-0.0339966911436
-0.0983888544627
0.0399651481001
0.366688803951
-0.409353685315
6.43167599605
-0.309889362843
-0.521189676237
-0.570440266372
0.304089148112
-0.033555859706
0.0739618392437
-0.400685495094
-0.0638324883663
1