16.06
7.75
4.2
12.22
6.32
3.19
3.77
17.48
6.12
3.9
5.09




1.05
0.59
26.11
35.34
0.0936726372506
0.120314669135
-0.111808476221
0.0998317442513
-0.253815911193
-0.211045364892
0.0196864152086
0.0840368016694
0.00796359499431
-0.0243840616445
-0.00711090721413
0.034771613719
-0.881625441696
0.0196864152086
-0.188235294118
-0.774009282399

0.10757524134
0.10757524134
0.113062963373
0.0823917735178
-0.0160356347439
0.662872154116
-4.5
0.58275862069
0.721348314607
0.475184794087
0.0433319310055
0.159409020218
-0.0251834678223
0.123610876084
0.219383717561
1