-7.03
-6.09
-5.43
-4.1
-3.49
-3.17
-10.31
41.2
1.23
-11.29
6.5
80.3
38.25

10.74
3.09
8.17
77.31

-0.105266571698
-0.0987656259267
-0.459096817447
-0.199646828052
-0.535651703011
-0.563362190661
-0.294253051573
-0.0579308140824
0.000206012827732
0.0900690846287

-0.740301987868
-1.0
-0.294253051573
-0.330598784085
0.120375240532
-0.57430256487
-0.180993439332
-0.180993439332
-0.126022658845
-0.248463484842
0.213037580787
-1.97751811212
-0.566231552505
-1.74623058318
-1.80996718622
-1.76543704374
-0.619346898003
-0.940930848853
-0.0674700455104
-0.394031020119
0.278103378115
-1