24.7
13.62
7.61
15.07
10.15
4.64
15.9
62.54
35.43
22.4
22.73
8.48
7.29

9.88
2.06
0.56
30.8
44.52
-0.0936530506722
0.0499284180387
-0.0253708356975
-0.381495564005
0.0983009708738
-0.0497448979592
-0.0741895982071
0.162241054614
0.0
-0.17080557238
-0.168958157542
-0.0675740592474

-0.0741895982071
-0.244770916335
0.0178923177938
-0.293395987326
-0.0503269268873
-0.0503269268873
0.0172804532578
-0.0866849482023
-0.189402717792
0.181568088033
-0.171542553191
0.430783669639
0.476798924008
0.466876971609
-0.0953073089701
-0.0544340804678
-0.0363580213151
0.139075790905
-0.0249560911898
1