26.9
18.82
9.33
21.09
15.12
7.32
12.35
45.21
19.19
14.58
14.3



9.02
0.99
1.76
34.7
53.13
0.0320973176863
-0.00436635057666
0.239142057689
-0.0577641490451
-0.092191590302
1.70601055901
7.27085922109
0.116321541036
0.00533780273634
0.0
-0.506161200435
-0.803756227867
2.01033735314
39.5662278563
0.116321541036
-0.0754363175884
-1.02032934174

-0.0197968876696
-0.0197968876696
0.00744048579934
-0.0508917589176
0.00122161187177
-0.144439473235
-0.242746713887
-0.123892356638
-0.0153260808585
-0.0153260808585
-0.00722131070447
-0.111761428273
-0.031094871248
-0.0210184995414
-0.258938945358
1