-53.05
-6.29
-8.65
-55.57
-6.85
-9.06
-8.49
2.98
-3.69
-6.09





1.51
0.28
16.31
19.49
0.16891059215
0.155667384828
0.164414401413
0.533195726631
0.351968614264
-0.159230681804
-0.468457434314
0.167111345193
-0.288292489163
0.0404514107602
0.562589531383
1.57574825175
0.0125208175625
-0.556693921781
0.167111345193
-0.0913419849796
0.652225706853

0.0687697344247
0.0621533269186
0.0690170295368
0.0607799751072
-0.220385674931
-0.309884885436
-0.127425386298
-0.266500016777
-0.262260162081
-0.262139519897
-0.344620147748
-0.447581114083
-0.00137335181138
0.28253900185
-0.102261074495
1