49.54
15.57
10.32
40.07
13.21
8.35
11.88
43.82
18.92
15.74
12.79
7.55
10.6
1.04
5.08
4.98
60.41
17.33

8.24
2.67
1.6
0.33
20.84
26.33
301.12
53.188835
447.615586


107.364369
143.413451
515.157924
0.00432737535278
-0.0144718482303
-0.0235132266813
0.040068575798
-0.00961335916171
0.00110853949921
0.186235921929
0.173545947723
0.00865600954255
-0.0714293815427
0.0
0.102247977548
0.088197342308
-0.170030711593

0.00865600954255
0.0156336856573
0.22643434261
-0.311268584033
0.0495177538107
0.0495177538107
0.080500596408
0.0122964610327
0.0226662885649
-0.00568344030537
0.942373309743
-0.141747326292
-0.0708135055518
-0.0708135055518
-0.0736611743595
-0.0194152858506
-0.037221292778
0.0268514652458
0.0094491780127
-1