30.86
15.53
11.89
21.54
11.21
8.3
13.82
46.69
21.18
16.71
14.12



8.61
2.41
0.86
38.53
62.67
-0.00163507142755
-0.0181703524398
0.0650269422337
0.00565953487554
0.0467970620511
0.323037879205
1.62803663879
0.0244493456998
0.226028808385
0.0
0.0145143207194
-0.0308041800499
-0.240517446226
15.1708278581
0.0244493456998
0.0262656563956
0.491788958306

0.0694880937355
0.0694880937355
0.0645170159677
0.0752202619478
0.0851520031317
0.0578406890067
-0.152471932812
0.115707138887
0.136004681426
0.136004681426
0.107007612275
0.0560239678924
0.00573216821228
-0.0156639093962
0.00446115150181
-1