3.67
4.81
1.87
3.88
4.95
1.98
1.68
33.16

6.12


7.73


1.81
1.93
50.95

-0.0924098445677
-0.0767476506181
-0.00436169729632
0.0125013064533
-0.0398230918414
0.0686793883765
0.292182167235
-0.0581838483385
-0.0696283852677
0.0142673371535
-0.0822314689743
-0.125421512375
-6.54434482497e-05
6.30889092576
-0.0581838483385
-0.037472039551
-0.00959951624485
0.126552827055
-0.158623997127
-0.158623997127
-0.178704134969
-0.115007606472
-0.139373616284
0.0116091433613
0.626222336593
-0.49355950845
-0.718205881639
-0.384613516598


0.0436163906554
-0.0192503808437
-0.154262299831
-1