3.88
5.02
1.0
3.38
4.88
0.87
8.14

57.16
39.19
25.05




2.59
0.36
25.89
34.93
0.180540958161
0.165335665245
1.47981399281

1.47113618473
0.764863059452
0.215242282492
0.29739105331
0.328691641214
0.18457943211
0.196660890563
0.360680370237

0.215242282492

4.13339033775

0.185230791195
0.185230791195
1.04545454545
0.185399623527
0.271414413139
0.0727239005894
0.217659561906
-0.262353262353
-0.262353262353
-0.231956237753
0.0666666666667
0.125225999585
0.000168832332025
-0.086183621944
-1.29458320162
1