1.1
4.33
0.28
4.3
5.17
1.1
1.91
100.0
52.12
28.61
30.98
14.06
12.82


1.8
0.35
25.49
34.2
-0.0224121351046
-0.0333057654768
-0.129065664314

-0.147680763984
-0.248215947875
-0.0274346299964
0.00529152208789
0.0627202566558
-0.0388319497268
-0.03793194502
-0.0164875110349

-0.0274346299964

-0.238275149867
0.0475480491746
0.0260280675318
0.0260280675318

0.0260280675318
0.0444242749798
-0.0171638978284
0.00621740236611
-0.258450935346
-0.258450935346
9.87170042971
0.302741549108
-0.0016490445242
0.0
-0.018396207448
0.155093731846
-1