1.49
4.41
0.37
0.4
4.13
0.1
2.64
100.0
53.57
29.87
24.4
13.4
10.55
0.14
1.05

7.66



2.03
2.03
0.34
24.66
32.73
296.17
27.954128
1059.37156


1878.545872

7618.944954
1.69135802469
0.0197597236164
0.0174119336744
0.474521632576

0.795471146822
0.457053690341
0.648147034051
0.0347886817632
0.229765561892
0.249445256818
-0.02131510382
-0.0106809041536
0.17517468648

0.0347886817632

0.958464877664
0.0424944230821
0.0106207005199
0.0106207005199

0.0106207005199
0.0519133845994
-0.0746633041799
-0.0189232617276
-0.416674643438
-0.416674643438
-0.735294117647
-0.0371275287042
-0.0253226391012
0.0
-0.0412926840795
-0.463900932056
1