17.97

10.87
11.06

6.69
19.91
86.58
25.89
19.91
18.23


0.9


213.79
164.74

6.97
1.68
1.68

60.49

0.01
101.97856
512.229709
36.46
186.761103
567.382848

937.914242
0.0757825370675
0.0857494436445
-0.0424505739796
-0.117169674398

-0.0965068680069
-0.136176693318
-0.136176693318
-0.0575365316197
0.025457856702
0.0
-0.976265822785

-0.15787330175

-0.0575365316197

-0.0490232644879

0.00147907734317
-0.00821905956655
0.667669787487
-0.0569142492412
-0.0605286993154
-0.0446048119826

-0.0446048119826
-0.0231211117203
-0.0231211117203
-0.0060469740681
-0.0281702786725
-0.0486951896747
0.0523096397489
0.108950614831
1