13.68

3.75
7.73

2.12
9.17
54.67
27.96
18.95
14.19


0.46


70.2
20.48


0.97
0.97
0.45
27.43
37.8
225.49
11.498966
125.350966


84.039172

306.371517
0.115384615385
0.152233464191
0.105563548614
0.062705822729

0.266740528949
-0.23496868857
-0.572298916755
0.141385920553
0.142999716728
0.0116913484022
0.208418554015
0.235261102643
-0.118482415412
-0.659400074278
0.141385920553

-0.873552959474

0.210653361122
0.210653361122
0.210304420062
0.210942831517
0.258862243285
0.129891470122
0.201867427521
0.06208078273
0.0764688285933
0.112882072852
0.196019762021
0.165902973927
0.000289470394713
-0.0482088821633
0.147947538393
1