35.16
18.85
10.27
25.98
14.5
7.59
9.38
30.4
13.63
11.23
9.32
6.09
7.54

2.06
1.01
0.9
29.2
41.24
-0.0312400911987
0.0138733040906
-0.175585216439
-0.094411897251
-0.184734463782
-0.475597826087
-0.0928354410657
-0.22432062462
-0.000553403431101
0.575478713516
-0.0312629399586
-0.26131261111
-0.924474730267
-0.0928354410657
-0.279347592818
-1.06400759734
-0.304125654021
0.274643741739
0.274643741739
0.278001792115
0.267022551476
0.296711069197
0.219373758396
0.343001261034
0.19755147468
0.21327014218
0.0712841935049
0.153638814016
0.258752515091
-0.00762119026294
-0.0220673274581
0.450228958178
-1