25.35
17.08
9.83
20.25
14.01
7.85
9.31
30.24
13.12
10.92
9.64


1.64
9.89
10.75
55.07
42.85

2.06
1.26
0.98
1.51
38.77
63.33
66.37
19.394667
208.210667


76.517333
26.44
197.349333
-0.0831295843521
-0.024609944329
0.0652173913043
0.149553107462
0.166318831273
0.134929684531
0.153636588789
1.077827051
0.0464797296342
0.0536094587648
-0.0108342361863
0.090071942446
-0.0302325581395
0.0100344695519
0.168539325843
0.0464797296342
0.0732842606625
1.47133526851

0.108950687422
0.108950687422
0.112000326651
0.101978904135
0.106514084507
0.0940467025917
0.184135977337
0.0798812175204
-0.0550302571861
0.616411682893
0.409814572017
0.0739148668484
-0.00697178328672
0.00243660291484
-0.0406024200402
1