348.01
101.93
45.39
215.76
64.46
28.14
28.24
61.43
30.63
27.96
20.18
12.12
19.01
3.49
29.32

6.26
18.68


1.2
1.2
0.4
13.04
15.0
252.94
37.204091
131.743636


10.690606

81.962576
0.118644067797
0.0655746844476
0.0808703440282
-0.0817137067137

0.615458524608
-0.0992881843993
-0.129791096965
-0.0345641776128
-0.321198710857
0.0
0.0384069354745
0.0
0.0260768703538

-0.0345641776128

-0.399680653623
0.272001766313
0.147465437788
0.147465437788
0.000423615047284
0.264112989109
0.205428619943
0.342360002871
-0.71232716194
0.29489471436
0.284543859057
0.284543859057
0.252081594212
0.313746090937
0.116647551321
-0.0579631821547
0.229179144502
1