32.44
18.24
12.04
20.91
12.66
7.76
8.68
38.62
11.67
9.51
7.75
5.17
8.55


2.02
0.94
37.12
59.04
0.254439834025
0.191494473811
0.0154933814681
0.0708823529412
-1.0
0.0625213529211
-0.0766084046114
0.129093348063
0.238805970149
-0.00892857142857
0.156550173718
0.164451827243
-0.0441008018328
-0.532258064516
0.129093348063

0.0814321926489
-0.492603172158
-0.00216047831985
-0.00216047831985
0.00919026328862
-0.0196805111821
-0.020328646451
-0.0176899063476
0.269230769231
-0.0385044642857
-0.0255731922399
-0.0364267129228
-0.00259067357513
0.00172935581496
-0.0175200328623
0.0181681681311
-0.017653859788
-1