41.79
22.46
14.14
26.89
15.5
9.1
9.0
39.32
11.62
9.66
7.76
10.21
18.05


1.9
0.88
33.84
51.14
0.0461885744053
0.110458911419
-0.00805729632945
0.0591900311526
-0.0915580384854
-0.108421750663
0.0170130808121
0.0701272772648
-0.0344827586207
-0.140372452565
-0.126016260163
0.264301230992
19.6666666667
0.0170130808121
0.019922044175
-0.198984771574
0.505196413261
0.0597412278366
0.0597412278366
0.0421052631579
0.088165762759
0.0582646109717
0.19156850589
-0.230769230769
0.240997229917
0.160696008188
0.0597426470588
0.0575342465753
0.16523929471
0.0284245349224
0.00147661686497
0.0677985241661
-1