-70.04
-35.06
-18.9
-81.19
-41.15
-21.91
-8.6
8.38
3.91
-7.35
1.28
5.91
4.2
4.44
-10.44
9.53
38.85
59.71

0.23
1.37
0.91
1.2
26.99
36.96
97.16
-16.47759
191.549803


23.527246
9.009984
87.178
0.0
-0.432757690978
-0.0105926193501
-0.111692606454
-0.197667284555
-0.145417578768
0.047995805225
0.133711896269
-0.243777816047
-0.471536330078
0.0093023255814
-0.0567493607993
-0.0569363686057
-0.11868659028
-0.268069957064
-0.243777816047
-0.300238215586
-0.0921642478174
-0.348054684095
-0.0856956534905
-0.0856956534905
-0.0829370372125
-0.11478880111
1.29582360648
-3.80304697833
-0.0146699594664
-7.39426055868
-9.82861880461
-9.70262599707
-0.635287894043
-0.216311654959
-0.0290931476197
-1.38151925998
0.0259969529634
1