24.33
21.61
13.24
15.57
13.97
8.47
5.29
14.95
5.87
5.21
4.04
17.06
25.11
4.01
55.11

65.11
15.99


1.78
1.78
6.84
54.4

14.61
12.32533
232.801374


50.650055

93.115962
0.148264984227
0.0728046389548
0.123852728929
0.253095088398

0.175072186417
0.451192235142
0.413035314825
0.187651985855
0.295421489671
1.03779917283
-0.30849220104
-0.479227015823
0.225931741893

0.187651985855

0.289505462392
1.32169258164
0.14184903662
0.14184903662
0.119307288981
0.289573643016
0.211628098227
0.465585164944
0.792012865184
0.469574531506
0.45837883413
0.45837883413
0.398356074976
0.422528286137
0.147724606396
-0.0697790616065
-0.111246051778
1