17.78
13.16
8.63
11.5
8.6
5.58
3.89
15.21
4.63
3.89
3.26


3.32
50.09

70.72
15.35


1.58
1.58
2.64
48.53
94.28
37.82
7.32418
188.28832


41.189631

84.878852
0.156398104265
0.409926714667
0.0638902767711
0.116912020138

0.159870240702
-0.0571336329221
-0.206729816496
0.239767496154
0.193501115686
0.0154559782219
0.751521798233
3.42311580366
0.121848698263

0.239767496154

0.108496917891

-0.00462908297316
-0.00462908297316
-0.0148971477733
0.0567711145085
0.120871142594
-0.0941734520458
-1.89772727273
-0.0925616561473
-0.0971486602609
-0.0971486602609
-0.0837280460192
-0.0851945035804
0.0614001974817
-0.125500225567
-0.121541103111
1