20.91
13.37
8.98
13.65
9.68
5.86
24.12
98.79
31.06
28.42
18.38
7.97
9.66


2.12
1.03
42.96
75.32
-0.0155704697987
-0.0888429752066
0.337675950883

0.331439046746
0.35595623987
0.0776587756393
0.170212765957
0.0
-0.154682959541
-0.259217171717
1.2490646713

0.0776587756393

-0.0170584564177
-0.0847901661333
0.196771532933
0.196771532933
0.576923076923
0.193245332382
-0.530913625624
-1.4228797422
-0.354505169867
-1.32649253731
-1.2265824486
-1.211200634
0.404815650865
0.521948866377
-0.00352620055075
0.727685158556
-0.140904417951
-1