4.33

1.14
1.83

0.48
1.43
26.59
8.11
6.04
2.67
11.53
6.01


1.99
0.5
26.22
35.54
0.430807710552
0.477443609023
0.630875487626
0.708434466019
0.75107372942
0.288689615273
0.0883514313919
0.511384124041
0.223636074439
0.142857142857
0.603860922624
0.722816148544
0.768264051927
14.5104166667
0.511384124041
0.820706242484
0.512386850881
0.215823314267
0.211579959962
0.211579959962
0.205596278545
0.228412808565
0.426336958141
-0.165382335507
0.439089692102
-0.645744680851
-0.734905660377
-0.734905660377
-0.277842227378
-0.0638930163447
0.016832848604
-0.214756998179
-0.419295527664
-1