20.48

6.56
12.7

4.07
8.16
35.13
13.74
11.45
7.35




2.18
0.6
32.04
47.14
0.714484129389
0.0797532830294
-0.034734485868
0.460411279399
-0.640960146267
-0.835207336523
0.372142524293
0.336311798483
0.498257839721
0.370778548466
0.272068564631
0.462609440426
-0.0320351758794
0.372142524293
0.417932362205
-0.250653820252

0.427022906219
0.427022906219
0.512922415447
0.291606748273
0.267891571649
0.343596920924
0.438698915763
0.308690161864
0.334256403801
0.334256403801
0.31559276424
0.331868894156
-0.135416157947
0.15913133457
0.461757392087
-1