32.03
13.09
7.4
24.98
10.86
5.77
10.21
70.13
18.02
13.56
12.43
8.15
6.43
0.99
4.51
14.48
39.89
35.81


0.74
0.55
0.46
23.09
30.03
229.93
32.25
315.958824


100.689412
25.400392
436.021176
0.0625
-0.166770656547
-0.0309726921467
0.010547587136
-0.0587264929066
-0.158410241424
0.431471887128
0.733708755543
-0.136831359184
-0.254821380373
0.0
-0.0788640792364
-0.0532008558693
-0.120246933957
0.5
-0.136831359184
-0.0814904101819
-0.35381659489
-0.215353868386
-0.0372484516656
-0.0372484516656
-0.0366149029781
-0.0375180129387
-0.0393268313759
-0.0298964082571
-0.152002889311
0.0182445148829
-0.130666413621
-0.130666413621
-0.0891988027983
-0.0237462229557
-0.000269561273098
0.00207837971034
-0.0477960388015
1