23.44
12.03
6.27
21.41
11.29
5.73
9.65
70.15
17.78
13.46
13.13
10.14
7.97
0.88
3.38
14.16
45.63
40.72


0.64
0.47
0.57
26.75
36.52
181.9
33.651667
348.694583


143.56625
29.382292
536.711458
0.0
0.00438343647347
0.149922659259
0.0327674628425
0.0473671619574
0.0533794753906
-0.0214760078571
-0.170394304337
0.00906595160569
0.301430762141
0.0
-0.138437069587
-0.184513782562
0.0929793166322
1.0
0.00906595160569
-0.152902241549
0.219997295362
-0.144602349341
0.355644272303
0.355644272303
0.37334990076
0.348248600545
0.337683995072
0.394659433618
1.89744756358
0.157890209459
0.481002619982
0.481002619982
0.473301166064
0.409504363233
-0.00739567175721
0.0179602772308
0.32287680946
-1