26.1

12.22
19.27

9.02
10.06
35.09
12.01
9.57
9.86


2.23


107.46



1.02

6.22
46.82
88.05
16.07
6.359455
63.209545


24.363773

52.034955
0.139896373057
0.0651791293481
0.0881095179463
0.217397084746

0.262138313529
0.0803680353135
-0.0492651693594
0.130773417413
0.0551655576991
0.0602409638554
0.113753329713
-0.342195392386
0.223788996003

0.130773417413

-0.0795083750272

0.19165385558
0.19165385558
0.184280644675
0.205540716508
0.145025110058
0.403164096673
-0.309712889432
0.33628783465
0.251684253737
0.247035954893
0.182482192442
0.304273784694
0.0138868609277
0.0466287455218
-0.0257432291659
1