34.4

15.17
25.38

11.19
13.11
34.99
14.99
12.89
11.77
6.54
6.44


0.96
5.87
44.09
78.86
0.323462362724
0.606042732771
0.326376409539

0.331523087681
0.55259622224
0.324822480213
0.346695007863
-0.133879781421
0.15372647899
-0.0985554663868
0.33578221823

0.324822480213

0.665971044737
-0.225643079691
0.317095737041
0.317095737041
0.312862161862
0.325035271404
0.282401318309
0.405095855508
-2.32711587783
0.45411761753
0.483874649728
0.46278173191
0.391256664943
0.35987122775
0.00793953436295
0.0346944187322
-0.0092806724975
-1