-2.93
-0.25
-1.81
15.38
12.62
9.48
-1.52
34.2
5.61
-0.7
14.28
8.54
8.6


3.27
2.37
61.69

-0.0715070981311
0.116636851521
-0.242773551785
-0.0129992464205
-0.0581330352152
-0.471964895173
3.70917573872
-0.148509641946
-0.0971242539338
0.0
-0.0237076442697
-0.00942555088524
-0.454194260486
0.170731707317
-0.148509641946
0.0435565744228
-0.0870757976021
-0.599057015215
-0.0583557621727
-0.0583557621727
-0.0258876024157
-0.115107913669
-0.21331927605
-0.877272727273
0.254980079681
-0.761321909425
-1.26228571429
-3.13046495489
0.303224276908
-0.376409366869
-0.0567521514963
0.154963513877
0.184417789612
-1