-6.42
-0.85
-3.46
-7.6
-1.61
-4.1
-2.11
36.54
6.22
-0.36
4.09
7.57
3.93
1.96
-0.22
8.87
32.79
20.05


3.29
2.13
1.8
53.95

55.94
-6.077156
288.461205


94.703078
42.72215
175.552666
-0.0924468922109
-0.144563279857
-0.205980066445
-0.184067407124
-0.263984298332
-0.181253376553
-0.0908877407233
-0.0144841856341
-0.165808444902
-0.0759600744375
0.0666666666667
-0.0393116514051
-0.00472679145396
-0.47033829057
-0.989727380482
-0.165808444902
-0.23985809039
0.0684832756632
0.680285032768
-0.0799137263577
-0.0799137263577
-0.105628732371
-0.0315462439258
-0.381990235063
-0.983456385015
0.397590361446
-0.909302626472
-0.88738092131
-0.889244729117
-0.190362879239
0.112305212251
0.0483674824319
0.302076508705
0.104153680766
1