-11.08
-6.33
-6.45
-6.52
-3.04
-3.79
-6.0
36.39
8.46
-5.38
10.32
13.29
8.9


2.36
2.56
58.18

-0.364779110369
-0.104453700737
0.330685976797
-0.183384615385
2.79112754159
0.842406876791
-0.169666652104
-0.170567056706
0.0
-0.195553074705
-0.0059508736389
-0.13353257621
-0.982001755926
-0.169666652104
-0.247350258812
1.1978561858

-0.0982304399629
-0.0982304399629
-0.0959766317766
-0.102143072744
0.419201995012
-1.48511576626
-0.623688155922
-1.63366080662
-1.69224683544
-1.52533722202
0.208595988539
-0.345134418781
-0.0039126327808
-0.517432434975
-0.42891641676
1