11.78
11.25
9.19
9.36
8.96
7.3
19.01
70.67
22.96
19.17
18.9
18.12
23.78

22.42
2.18
17.05
78.04

0.115080028799
0.118722034159
0.116504264215

0.081576841285
0.0511004507538
0.115620236084
0.135012991795
0.0
-0.0118952342599

0.0699171745585

0.115620236084

0.159143252877
0.438579930713
0.234431432438
0.234431432438
0.206794256257
0.246275569112
0.165537568745
0.531215304133
-0.967185223621
1.49359580338
4.37519526504
4.28553235498
1.9154922147
0.422413453943
0.0118441366735
0.0688938636933
0.117927168224
-1