12.35

10.14
8.67

7.12
20.4
71.65
24.39
19.71
19.01
8.09
10.56
0.58


43.33
25.18

20.47
2.66
2.66
25.73
82.11


103.919447
509.320787


841.375107

1024.713573
0.193060044225
0.00943216056381
0.0462228097053
0.102183659053

0.132218064615
0.0969404548037
0.12037782429
0.0438514446352
0.102271071713
0.0
0.511677422332

-0.234253462169

0.0438514446352

0.497181928949
-0.552514315836
0.259613947099
0.259613947099
0.234742190376
0.269735791173
0.150133391847
0.749168865632
-0.769545231731
0.427566135183
0.418255133997
0.418255133997
0.226014836742
0.463034405418
0.010121844074
0.109480555252
0.157430288046
-1