8.46

6.44
12.32

9.38
5.62
46.61
10.39
5.75
12.82
23.08
38.7

4.22
3.51
18.15
76.16

1.1065133572
0.423697342463
3.23249595821
0.497536945813
28.2020654045
42.1819277108
2.22361628439
3.73362940565
-0.99998693135
0.416281853942
0.595243814557
0.641048441734
1.19380888291
2.22361628439
0.653038377144
10.3920215255

0.609571985543
0.609571985543
0.759131954559
0.466743629687
0.37617232858
1.75518847946
-0.538341158059
2.11413176586
7.73816300129
-1.74455079225
-2.66155079601
0.938809170378
-0.142828355856
0.233399656964
-2.62292397267
-1