5.86

2.64
4.83

2.18
1.74
27.1
2.96
2.07
2.32



1.06
2.06
2.56
45.07
82.06
0.247267759563
0.05380121737
0.0188148822543
0.121981720026
-0.0728722369189
-0.0262618942592
0.0508529387986
0.0643144340255
-0.0507301967132
0.0350130614309
1.02602966037
2.36005830904
-0.0125118860706
-0.905831631495
0.0643144340255
-0.0312994712386
0.0504036034429

-0.0857261714322
-0.0857261714322
-0.12869426099
0.0541440763482
-0.0799765618686
-2.38913427562
-0.147206703911
-1.92152178979
-1.42919979699
-2.10201319574
-8.4013319313
-6.84138678223
0.13987024778
-0.00574960956366
-0.104541053687
1