24.33
16.76
14.29
16.05
11.53
9.42
26.08
44.98
27.96
24.43
20.74
9.01
13.23


9.64
1.71
58.73

0.0309128452207
0.196939813826
0.136451302933
0.0822663808586
0.155975855131
0.155811648234
0.0998662365957
0.204361703311
0.0
-0.0504307446077
0.0
0.153942428035

0.0998662365957
0.0308430026048
0.134461834904

0.139424297294
0.139424297294
0.101864794932
0.189006674519
0.00459803494507
0.40617875057
-9.05168269231
0.519655629903
0.493831936385
-0.0592916401629
-0.0444005976346
0.345282614392
0.0495823772249
0.134826262349
0.00297299436138
1