-40.93
-5.45
-7.21
-40.38
-5.35
-7.12
-13.77
14.28
-4.83
-4.98



0.56
-1.24
0.76
18.11
28.57


13.99
3.05
0.23
17.62
21.39
431.84

1096.555


368.880833
1411.161667
2093.785
-0.0769230769231
-0.25173250827
-0.904322123286
-0.18329447195
0.0205731993809
-0.387503702058
-0.540171516606
-0.541077464532
-0.192043473605
-0.299458123245
0.000191056804662
-0.128517313427
-0.108113131354
-0.443343881857

-0.192043473605
0.0775290429276
-0.152831530058
-0.0699987306287
-0.172409238765
-0.172409238765
-0.135666770626
-0.340652708625
-0.143612635506
4.99368767725
0.767364029525
1.37230253509
1.57709606735
1.57709606735
1.67463188002
7.30751112274
-0.16824346986
-0.0287966032594
0.0108852331844
1