43.32
22.4
15.52
29.7
15.45
10.64
14.73
27.19
15.18
14.96
10.31


1.5
74.67
1.33
25.65
39.41


2.98
0.32
1.04
35.83
55.84
96.04
179.333433
1217.116567


413.999552
868.141194
1155.429701
0.116666666667
0.117808381393

0.359351863788
0.479113276666
0.130273126656
-0.623864055575
-0.381787050163
0.326497149739
0.349332411011
0.0329364395636
0.22461817682
0.203487250327
0.435329111495

0.326497149739
0.505647330044
0.323874172937

0.156252144574
0.156252144574
0.119401454283
0.268030135626
0.0698932692906
0.494096112642
-0.420083423451
0.531816646162
0.389347892135
0.737657055582
0.696351212901
0.476003816111
0.111777991053
0.086358875283
-0.203099719215
-1