11.43
8.78
5.23
8.29
6.86
3.8
5.43
37.12
10.49
6.75
7.67


1.29
4.87
4.81
47.68
28.58

1.19
1.63
0.84
1.58
45.76
84.37
74.68
7.401022
136.273942


64.75562
35.555182
141.508248
-0.0193271295634
0.0975989140508
-0.0109283258613
0.0186527292063
-0.0039423735861
0.0666169117742
0.00426877765074
0.718677532631
0.0637102561908
0.229462690745
0.00699092666964
-0.256406728901
-0.391269554543
0.418465658767
33.5452356381
0.0637102561908
-0.0314193280269
-0.296748097607

0.0613977487795
0.0613977487795
0.0573612785023
0.0683048106994
0.0329310772011
0.262707876531
-0.623046547439
1.95695538058
2.44387193597
3.0583563155
0.402033805408
0.064527353987
0.00690706191988
0.0284666715784
0.0427450195732
1