6.69
4.68
2.18
4.3
3.84
1.4
15.85
83.39
60.58
31.55
39.23
12.78
7.66


0.57
0.54
32.57
48.31
0.0181214159111
0.0200580272012
-0.0188617739959

-0.143010304366
-0.185731333106
0.0165309950114
-0.0119848490968
2.46083176114e-05
0.0225047721722
0.0319294816089
0.10619648523

0.0165309950114

0.332864739319
-0.22658148836
0.122070297352
0.110488290002
0.158598910371
0.115067885431
0.13060190838
0.0904486597544
0.160460721218
0.0289272890485
0.0289272890485
-0.705669830434
-0.350447795359
0.107661881413
0.00457959542892
-0.0201136183774
0.129350063998
-1