-0.29
2.52
-0.11
3.83
4.15
1.44
-1.1
80.21
62.34
25.34
51.67
19.21
16.1


0.69
0.66
37.53
60.09
0.230500630393
0.234197124556
0.0699045218906

-0.259885774077
-0.678099730458
0.223758372344
0.190883057133
0.000532328733467
0.260508763865
0.275610459904
0.0948333254078

0.223758372344

0.153806141843
0.216764827715
0.324066448622
0.307125937623
0.305888330825
0.328629952165
0.292676630245
0.413797662926
0.465074675858
7.73067915691
7.73067915691
13.7307349003
0.851842415364
0.390699026688
0.0215040145415
0.0144493073782
0.237221415733
1