7.12
5.43
2.67
10.72
6.87
4.02
19.88
83.56
65.65
37.15
58.41
18.6
33.82


0.78
0.67
37.47
59.93
0.0662767508818
0.0387543954822
0.265253242477

1.27301868023
2.07858799279
0.074577449396
0.298551037229
0.000287188912867
0.0265197067562
0.0438285514828
-0.333167648938

0.074577449396

-0.754806237518

0.0682408197744
0.0614404899263
0.100912342974
0.0620415680084
-0.24048454628
1.11399830381
0.109146503589
8.9255890864
8.9255890864
1.98442856553
0.594480358031
0.485790050693
0.000601078082085
0.301925036206
-0.203812752551
1