1.38
3.06
0.67
2.33
3.53
1.13
7.42
74.97
60.39
29.96
42.99
20.23
14.73


1.27
0.99
48.67
94.82
-0.0236326610939
0.00493896396332
0.0830888967109

-0.0980551959985
-0.0980551959985
-0.0208578002059
-0.0505397052823
0.000996412913511
0.015073324519
0.0136482329212
-0.106012261877

-0.0208578002059

3.86665023416
-0.0574696553624
0.0384101620285
0.0384101620285
0.103186931449
0.0184475117292
-0.0229064889218
0.0875838575519
-0.0738099744488
1.30990861853
0.746284973883
0.196748110196
0.00498324112587
0.00937747212454
-0.0199626502993
0.0613166509503
-0.0446787346824
1