-1.11
1.54
-0.53
-1.06
1.57
-0.51
-6.64
72.04
60.47
14.85
39.29
19.14
12.63


1.07
0.95
47.66
91.05
0.0851044774882
0.13213811401
0.0250490411424

-0.103681238388
-0.103681238388
0.0836351713983
0.218208056936
0.373852573018
-0.00397223915055
-0.0268317968962
-0.222998675347

0.0836351713983

-1.31072498045
0.0130559775467
-0.00526460063929
-0.00526460063929
0.0633502367096
-0.0295728150191
0.356462136421
-0.537059626834
0.11924730425
-1.51628444971
-1.29200715674
-1.254118669
-0.424544825498
-0.19820529635
-0.0243082143798
-0.36172673706
-0.0303136417817
1