10.52
7.72
5.03
4.08
3.33
1.95
2.38
92.2
5.41
2.46
3.87
3.23
3.09


1.4
2.13
47.8
91.57
0.0225573368825
0.0192102831676
-0.180274333042
-0.000985442329227
-0.468486471465
-0.534154276851
-0.073123041433
0.0564157490642
0.00503752441657
-0.293843021842
-0.57746692499
-0.0362259503894
0.0617283950617
-0.073123041433
0.0520060949456
-0.403263541767
0.260356539729
0.043026099548
0.043026099548
0.0501562357126
0.0424273475759
0.0441227041877
-0.0157839092074
-0.581128428174
0.0316721431179
0.0355937810122
0.111393119007
0.062116515095
0.0177212288952
-0.000598751972137
-0.0010966046397
0.22330043259
1