16.4
12.27
10.56
9.96
7.71
6.41
17.09
38.42
26.62
18.03
18.96
8.0
9.61


2.66
2.42
64.41

0.024819854686
0.0305089963016
0.41925777332
-0.0244264066544
0.103263983115
0.885987590486
0.999264074574
0.0971745693515
0.0984699699657
0.0
0.0720951800643
-0.000988991228946
0.168886392811
2.65714285714
0.0971745693515
-0.0543028530599
0.629861405091
0.195049497585
0.025318853624
0.025318853624
0.0711832093981
-0.0405198897204
-0.00883944019799
-0.0739989816229
-0.00649350649351
-0.0774379980346
-0.0796311687497
-0.0755913857618
-0.0453116280336
-0.0530909044274
-0.0658387433443
0.034158293822
-0.393938919696
1