19.53
14.45
12.56
11.83
9.05
7.61
19.0
41.06
28.82
19.96
20.37
6.34
5.86


2.19
2.36
64.33

0.0716187478291
0.0949863360957
0.0736500531285
-0.179830166124
1.91537811479
10.3144443159
0.0719907895823
0.182472279741
0.0
-0.0358180392631
-0.186374276611
-0.207793558527
-0.971842316975
0.0719907895823
-0.236804727725
0.531241486214
0.162070086548
-0.204385679857
-0.204385679857
-0.243655358053
-0.140311196415
-0.0732825109195
-0.201356027446
-0.281706564236
-0.196778643076
-0.195206754463
-0.200059094062
-0.107241081808
-0.137674007105
0.0640744834417
-0.131103168937
-0.278035732985
-1