21.24
14.74
13.72
12.65
8.79
8.17
11.68
27.5
20.3
11.55
15.71
7.32
7.72


3.2
2.25
64.58

0.128477602841
0.130913421086
-0.0311713303641

0.291033270047
-0.322592170015
-0.817071308597
0.0895083657441
-0.0614226070029
-0.0513739545998
0.637469473195

0.235884257086

0.0895083657441

-0.117784242541
-0.162950018831
0.185422651151
0.132593956995
0.23242218546
0.0771168351935
0.0972624824289
0.0504752402458
-0.513141426783
0.0366348399787
0.0293155190831
0.0199079089924
0.0464955319378
0.058227071135
-0.0554771218019
0.0353314745664
0.163765287359
1