-2.63

-1.63
-2.2

-1.36
-1.79
27.33
8.57
4.4
2.68
3.7

1.19


35.84
5.47


2.14
2.14
4.23
61.97

23.62
-5.749048
321.965714


218.618571

352.799524
-0.187306501548
-0.102588840259
-0.138377179471
-0.207203920489

-0.43887555022
-0.127524264189
-0.166989037258
-0.158296732386
-0.0746471719334
0.0275038486424
-0.0285696368099

-0.363766158454

-0.158296732386

0.0101447576926
-0.613356418735
-0.190887963985
-0.190887963985
-0.179500539407
-0.219679440626
0.069539187353
-0.676189128281
-6.85904441642
-1.12196181432
-1.1980161821
-1.15242180302
-0.763985284141
-0.433730228557
-0.028791476641
-0.260427151338
0.0163159565048
1