-6.16
3.2
-1.82
-7.03
2.88
-2.08
-0.92
10.11
3.64
0.99
1.6
9.5
5.66


1.91
0.59
29.63
42.1
-0.0566321641549
-0.0650687942327
-0.0036014721346
-0.22014309301
0.312030198589
0.436749545179
-0.0366936659567
0.0199738626731
0.0173952167372
-0.04832746393
-0.0226462291766
-0.0833449025869
-0.0924855491329
-0.0366936659567
-0.327018018695
0.10127198588
-0.448168818394
-0.104208007064
-0.104208007064
-0.0905882198575
-0.209471656019
-0.672486358642
-1.06548572019
0.109068996686
-0.945030667264
-0.939434162056
-0.939434162056
-0.561345975618
-0.390230110053
-0.105263648955
0.568278351578
-0.100606534929
1