17.48
10.74
7.48
14.38
9.12
6.15
8.82
12.71
12.71
10.63
9.32
6.0
4.49

0.65
2.35
1.09
42.78
74.78
-0.141039236479
-0.00216684723727
0.299330445057
0.046204620462
0.49252013809
0.258649093904
0.00368908161284
-0.0190715552927
0.0547802541137
0.0176352032247
0.00218128938439
0.0296377607025
-1.0
0.00368908161284
-0.108867427568
0.613646055437
-0.128481484676
-0.0173263629574
-0.0173263629574
-0.0177028991704
-0.0147318797879
0.287735849057
-0.0579124579125
0.0257510729614
-0.073482428115
0.0485436893204
0.00421052631579
0.0559380378657
-0.0147318797879
0.00259448316957
-0.305062212014
-0.316656808015
-1