17.55
9.87
6.62
11.32
7.09
4.27
8.35
12.0
12.0
10.55
6.83



0.7
1.97
0.81
37.71
60.53
0.662282166847
0.180669764369
0.297393035846

0.297393035846
-0.397170881165
0.530582147128
0.181837489253
0.0936327756075
0.983520393104
1.11594086417
0.577000272146

0.530582147128

0.0959984906437

0.369392489488
0.369392489488
0.377757886187
0.311003123915
0.178910976664
0.331418648143
0.371955233706
0.321099379923
0.331500392773
0.331500392773
0.296020900322
0.311003123915
-0.0583893655729
0.190481512824
0.0719994536419
1