5.88
5.94
3.25
0.68
2.07
0.37
1.76
26.28

2.36


18.07


2.38
2.91
55.23

-0.126157625913
-0.127475165011
-0.0513597285981
-0.171823838276
-0.148493225613
0.855998549602
1.14707957989
-0.0815895864341
-0.0489805915606
-0.00782125062763
-0.248520416449
-0.34721517235
0.0090288933487
12.388185654
-0.0815895864341
-0.146035206433
-0.0906548063726
-0.353756843584
-0.0460911421656
-0.0460911421656
-0.0294023317579
-0.0899908800243
-0.145248785993
1.6341127923
0.0411865130175
4.52283281734
-4.38765652952
-2.07826372904


-0.0438997378586
0.0991576438275
0.00526858643243
-1