12.86
9.81
6.61
7.05
5.97
3.62
3.72
26.13
6.0
4.45
3.6




2.79
1.95
51.38

-0.0148036422546
-0.0102190947593
-0.013486490329
0.0398614348201
-0.05298848236
-0.0292484724419
0.112832772564
-0.0139848248751
0.00949211989401
0.00372854644347
0.149116953223
0.174591737392
-0.192703682396
-0.427395209581
-0.0139848248751
0.0100815846991
0.126095813025

-0.0674125011463
-0.0674125011463
-0.052515765369
-0.107097740579
-0.217826157608
1.87930605425
0.91609812745
2.19171374765
21.5926517572
-7.41563146998
-0.608174543367
-0.456457859959
-0.0396852394323
0.150413656462
-0.0539260108172
-1