37.12
19.45
14.8
22.63
12.4
9.02
18.3
44.5
23.83
19.8
15.19
9.14
10.12
0.99
14.15
48.39
47.17
18.55


1.02
0.93
0.95
39.86
66.27
120.13
29.535484
161.416129


79.558065
16.167742
199.606452
0.107142857143
0.292604172006
0.171924920128
0.222530996152
0.148888888889
0.141762452107
0.417833456153
0.553535353535
0.279052461863
0.171027016761
-0.024
0.518122920679
0.869320507573
0.100255302435
-0.133029721956
0.279052461863
0.041779255872
-1.28140096618
0.185476760789
0.0658615033974
0.0658615033974
0.0709189772859
0.0596212409593
0.0728172192328
0.0436064883084
0.16049382716
0.0350440877233
0.0287976961843
0.0274249953985
0.0317675807765
0.0436685044194
-0.00624026243818
-0.00695571583532
-0.156669492755
-1