42.0
24.81
18.29
25.8
15.87
11.23
18.84
44.77
24.34
20.22
15.69
8.05
9.22


0.92
1.23
43.53
77.1
0.0730057469684
0.0088638195004
-0.0941130906274
-0.010989010989
-0.125080593166
-0.324078288575
0.0360424028269
0.247467867085
-0.0234375
-0.296183707842
-0.38944079975
0.862132016822
2.45364238411
0.0360424028269
-0.145318884349
-1.17040543322
0.0870226559325
0.0420625055491
0.0420625055491
0.0325727710747
0.0540147449722
0.0351271224508
0.0778837420527
-0.318611987382
0.125875015909
0.162829635831
0.169644779333
0.146459143969
0.0792406497922
0.011952239423
0.00693538309833
0.136175596177
1