33.98
22.6
16.53
20.48
14.08
9.96
19.25
45.61
24.46
19.08
16.98


1.11
18.46
50.88
53.38
12.57


0.79
0.72
1.71
48.65
94.75
87.32
26.695833
138.65


78.570833
18.441667
161.491667
0.0212765957447
0.109266314796
0.0597222222222
-0.0822007318348
0.0634146341463
0.117806977798
-0.452916507815
-0.694874274662
0.0688618626072
-0.0568198869604
-0.0198675496689
-0.168929110106
-0.320251883504
1.95246010638
5445.0
0.0688618626072
0.0598659003831
-1.40008613264

0.0787085062241
0.0787085062241
0.0650229492762
0.0954958856648
0.120319837543
0.0627615062762
-0.679775280899
0.041280676093
0.06391184573
0.06391184573
0.125946592268
0.105256009779
0.0167873794407
-0.0416113313188
0.160909238059
1