46.5
25.26
18.37
27.64
15.69
10.91
19.72
44.19
24.31
20.34
15.69
10.31
12.26
1.2
14.62
50.6
55.15
11.88


0.97
0.89
1.03
39.5
65.28
131.25
30.857692
156.469231


66.357692
21.9
168.007692
0.04
0.101772753549
0.116988809766
0.0569334836528
-0.0462633451957
0.1513024201
-0.105202754399
-0.110219368646
0.0918316336733
-0.127358251985
-0.0833333333333
0.53275988287
0.786898839138
0.0397464818992
0.0633116883117
0.0918316336733
0.157081893924
-0.307517084282
-0.106514742135
0.132950874457
0.132950874457
0.179235483536
0.0794403746848
0.00289465522589
0.185503509526
-2.10964912281
0.11291441254
0.104726598703
0.104726598703
0.0296869958051
0.115874985896
-0.0535104997722
0.130056219231
0.0760173908042
-1