16.66
8.79
4.28
12.14
7.19
3.12
3.66
18.85
6.84
5.15
4.35
9.86

1.61
2.88
11.27
32.01
20.26


1.07
0.69
0.55
25.69
34.58
182.44
35.85699
979.203842


215.27428
118.83778
837.865528
-0.03052250388
0.0993480036635
0.0485201398527
0.0842202553015
-0.117947217889
0.0414825974822
0.615343774887
7.44470314319
0.0948740709336
0.0978330380735
0.00131103074141
0.049618581935
0.161582455285
0.17869022869
-0.996031052645
0.0948740709336
0.0978762423095
-0.505446846293

0.149023939408
0.166445340653
0.166378166518
0.0798528943474
0.0903963381565
0.0528003206092
-0.0541408976264
0.103636303912
0.143800623053
0.222585475418
0.266012740468
0.111735258938
-0.0865924463055
0.0760490024964
0.0822250853514
1