15.15
7.17
4.41
9.99
5.34
2.91
4.68
21.5
8.21
6.04
5.25
8.42
7.18
1.15
3.9
13.04
26.47
19.84


1.24
0.84
0.55
29.1
41.05
185.91
47.810253
1022.409546


315.602239
97.266942
1084.38185
-0.0368898978434
0.0235179277006
0.0333085268433
0.123140166439
0.134250498645
0.0632859702488
0.16785578459
0.165274630988
0.0443684457253
0.0358721931029
0.00563875857091
0.0262695485955
-0.0640787175008
0.116280002674

0.0443684457253
0.00312370858351
0.152606866447
0.0362668402201
-0.0845130693468
-0.179978424904
-0.0861784613898
-0.078381676523
-0.0412225201072
-0.161501311329
-0.161205952002
-0.161587665726
-0.159067567147
-0.157943601687
-0.0918852630634
-0.119747860211
0.101596748381
-0.138755904797
-0.303118591343
1