15.51
8.4
4.38
10.1
6.47
2.85
4.43
24.26
8.23
6.44
4.67


1.25
2.8
8.21
33.88
19.68


1.29
0.71
0.55
28.22
39.31
187.88
16.090064
363.253922


103.72545
58.574085
367.60459
0.11211631664
0.0139369204335
0.0412525130906
0.17279516482
0.100127136397
0.127944869362
0.499445946545
0.900150870937
0.0519596806779
0.188769020744
0.08598820059
0.204124641919
0.242826566457
-0.282972403324

0.0519596806779
0.1405522524
-1.95688005511

0.190406824522
0.121497679317
0.253377980425
0.0290017810194
0.0330319050269
0.0180198395148
-0.0254296330701
0.0390814086568
0.0424567783646
0.0425328899812
0.0286373077058
0.0156071188982
-0.0924958982978
0.0884657742904
-0.0512974855026
1