47.07

27.73
31.57

18.6
37.0
73.44
43.71
37.48
31.05
11.65
17.02
1.06

23.09
79.28
19.93

2.08
1.86
1.75
5.06
58.91

19.75
80.737209
218.202326


171.537209
45.425581
291.174419
0.0
0.134244710874
0.295566014367
-0.00279358058461
0.144507042254
0.0468639173169
-0.0358706894655
0.0752843420355
0.0548908922403
0.0574295749409
0.005359056806
-0.00965264088097

0.0774602618046

0.0548908922403
-0.124355583449
-0.0823938559629
-0.257218454973
0.0430553393957
0.0430553393957
0.105781603585
0.0220864173725
0.0118169275988
0.0321349963316
-1.19227504244
-0.0470478438692
0.014283875949
0.0131401470652
-0.0203793381759
0.00458019006564
-0.0209689220232
0.0312384117969
0.0458489199803
1