5.1
4.92
3.93
3.75
3.62
2.89
3.66
44.48
6.23
3.23
5.7


1.34
308.13
3.84
142.81
41.18

8.05
4.41
3.01
24.32
76.97

4.11
28.431302
776.292712


557.136201
421.135006
723.810036
-0.0912052117264
0.151425534864
-0.0399080904583
0.0731584594773
0.288766588662
0.129542874923
-0.230554633012
-0.187893675279
0.0822356080987
0.0732405063291
0.0
1.72586378501

0.0175374806572

0.0822356080987
0.188575860267
0.0906242532062

0.0147870727125
0.0147870727125
-0.0279756644321
0.0737557821992
-0.0532797886468
-2.49846241865
0.86369593709
-2.9103315405
-3.68075980392
-3.68075980392
2.2091934085
8.92760736196
0.0589687094867
0.0680668613593
-0.0583713867648
-1