-36.95
-32.08
-21.72
-37.99
-32.99
-22.33
-14.48
41.51
-8.73
-13.12


10.58

10.56
2.4
6.86
58.78

-0.104497426172
-0.423494135285
-0.19105793833
0.0862730134503
-0.291627276738
-0.206152167241
-0.153637919966
-0.173809530236
-0.261002246656
0.0
0.168731616009

-0.0442746193282
-1.0
-0.173809530236
-0.307405478439
-0.270949706129
-0.678905056283
0.0379586271766
0.0379586271766
0.0317208412267
0.0468763733849
-0.118137732405
-0.411673881815
-2.75405254332
-0.326805261612
-0.332975525977
-0.332975525977
-0.42778160074
-0.523656719079
0.00891774620835
0.156096359582
0.229016565506
1