32.34

11.27
19.7

6.87
7.38
29.02
9.98
8.09
6.39
10.41
13.6

1.92
1.54
1.21
34.85
53.5
0.0494366197183
-0.0160800970874
0.135507854659
0.143884892086
0.217026907808
0.287208366854
0.0959259019367
-0.0243216412972
0.0
0.407868093723
0.635706914345
0.0367126978781
-0.983098591549
0.0959259019367
0.0764227642276
0.379841732611
0.17177070678
-0.0921158911326
-0.0921158911326
-0.0854223772739
-0.108085612366
-0.22747393974
0.486140724947
-0.537688442211
0.889990089197
1.03721682848
1.27397260274
0.495471014493
0.29
-0.0159697212337
0.135358048608
-0.227623745791
-1