29.58
23.55
13.52
18.97
15.75
8.67
6.9
28.85
6.72
5.62
5.52


3.15
9.77
14.05
53.75
31.38

1.18
1.6
1.23
2.77
45.72
84.22
37.51
14.6875
212.83125


49.65
28.375
108.6
0.0666666666667
0.0244843448583
0.092735042735
0.239730081686
-0.0194174757282
0.0759788359788
1.3712
2.50574712644
0.144211774002
0.679847747938
0.0
-0.379034004765
-0.597165236852
0.124143835616
-0.68956043956
0.144211774002
-0.0594572198053
0.498657460683

0.141683709391
0.141683709391
0.247194481623
-0.0553792904528
-0.271412783201
-5.18818380744
-3.52023121387
-4.73015873016
-2.6256684492
-2.1212797619
0.618760757315
0.116642264519
-0.197062999844
0.413096492592
-0.098046372295
1