3.63
1.92
1.08
3.61
1.91
1.07
3.08
7.54
4.49
4.05
3.5
36.93
8.51


33.37
0.43
29.69
42.22
1.3449425716
0.283052252157
-0.0590854304032
0.0199655625296
-0.219853493509
-0.0434344376913
0.201381010066
0.0677190186615
0.0094392004442
0.278447273293
0.393843853572
-0.00937522111371

0.201381010066
0.010889727713
-0.0605419542272
0.476890931458
-0.0145429214137
-0.0145429214137
-0.174287483125
-1.71826102583
-0.218404015422
-1.27023849878
-0.901256529155
-1.12457193808
-1.27005171962
-1.22575141849
-1.27107556128
-1.31316104445
-1.70371810442
0.203861094008
0.0445425089895
-1