
-1.7
-8.52

-0.49
-7.45
-19.83
60.07
21.83
-2.4
6.91




1.02
-0.02
-1.88

-0.0538254517493
-0.0706875329699
-0.227958697379

-0.198142414861
-0.238247863248
-0.263157894737
-0.0780180975502
-1.31975560081
0.0625
0.0714690867839
0.0891398783666
-0.370638578012
-0.744680851064
-0.0780180975502

-1.06153846154

-0.0281461434371
-0.0281461434371
-0.0433622414943
-0.0177595628415
0.0
0.829787234043
0.0868055555556
0.142857142857
-0.00480769230769
0.00647249190939
-0.138888888889
-0.0873108265425
0.0103865805955
-0.0281461434371
0.199812553942
-1