-65.88
-0.61
-5.96
-63.37
-0.35
-5.73
-18.14
60.63
20.03
1.45
1.13
12.74
9.19


1.03
0.12
9.05
9.95
0.555058919139
0.5394512772
0.756172839506

0.485273492286
0.49025974026
0.578456014363
-8.59872611465
-0.882352941176
0.368051879301
0.337747287811
0.734309623431
-0.638888888889
0.578456014363

2.0625

0.206627680312
0.206627680312
0.189679218968
0.217895224849
0.1431119037
-1.73255813953
0.356230031949
0.10393258427
0.331723027375
0.215434083601
-0.802419354839
0.107142857143
0.0112675445374
0.0635157766115
-0.549545159194
1