
0.13
-6.32

0.43
-6.07
-26.86
68.41
22.13
-12.39
8.73


0.28
-0.45

109.66
121.62


1.08
1.08
-0.02
-2.08



394.666667




1676.444444
-0.0322580645161
-0.0322987238065
-0.0614632442815
-0.282864450128

-0.0508771929825
-0.378339350181
-0.429547395389
-0.0913033004095
-1.86740331492

-0.0462065881652
-0.0348571428571
-0.0779036827195
0.144
-0.0913033004095

-0.815837937385

-0.550038003547
-0.550038003547
-0.744069343066
-0.307692307692
-0.225997842503
1.22222222222
-0.607633587786
-0.367374005305
-0.321022727273
-0.355836849508
0.336206896552
-0.460164835165
0.242345695855
-0.324040161044
-0.267173553419
-1