-2.21
2.8
-0.85
-4.54
1.86
-1.74
-9.25
80.61
73.26
22.06
32.18
12.48
6.5
0.1
0.58

16.26



0.36
0.36
0.68
38.39
62.3
146.08

5761.320755




62924.45283
-0.101694915254
-0.0666555682087
-0.0801867082311
-0.146704856339

-0.425183394465
-0.0226677805625
-0.0226677805625
-0.0683965367216
0.0591452250368
9.14971681626e-06
-0.140341473282
-0.143652019696
-0.0564279005186

-0.0683965367216

0.00311761367006
0.0120524458822
-0.0764293643136
-0.0764293643136
-0.101310216041
-0.0702393183054
0.000962846442786
-0.21794112524
0.0554169243
5.3417920503
3.36572852536
-0.760799749666
-2.12146321977
-0.0732301471563
0.00619004600817
-0.0773922107564
0.0702754920256
-1