35.84
28.56
18.1
27.3
21.87
13.79
14.05
36.23
16.3
13.78
13.22



5.88
2.04
3.63
50.5

0.116034174449
0.106579131164
0.227964645225
0.0638443935927
0.287623975852
0.309840314355
0.195310688616
0.267741935484
0.0625
-0.0807562890562
0.00133958472873
0.240344798445

0.195310688616
-0.081813533322
0.216342721142

0.117588912024
0.117588912024
0.106843050792
0.137018662887
0.0853270262895
0.232699107594
-37.0
0.257792754844
0.29485428051
0.29485428051
0.196151881492
0.166981132075
0.0194297508629
0.0322618857344
-0.110375733201
-1