1.36
3.19
0.55
2.66
3.73
1.08
4.48
68.64
60.7
23.04
46.4
14.88
11.73
0.13
1.11

3.38
17.42


2.79
2.79
0.71
40.59
68.31
140.83
61.533049
1374.618337


4525.149254

11149.132196
-0.024948024948
-0.040331278868
-0.00857172479067
1.95810186434

-0.533538698498
2.28736731765
14.0339369381
0.00228252254394
0.0834785343318
0.128712871287
-0.04828713656
-0.0514607745369
0.000297080967296

0.00228252254394

-33.1652200396
0.209491306291
-0.11131696007
-0.11131696007
-0.195954357259
-0.0664233576642
0.457479983144
-0.454481023814
-0.0476819400574
-0.803182202581
-0.804356372816
-0.628963683511
-0.000190517572739
-0.0673399148628
0.0448936024061
-0.568796943214
-2.06941882441
1