19.56
14.48
8.57
10.11
9.36
4.43
15.71
47.2
30.52
21.01
17.62


0.68
3.67
62.77
1.37
26.99


0.35
0.3
1.19
43.81
77.97
103.29
5.836548
37.146786


29.837381
-2.052024
68.105595
0.0909090909091
0.312758435888
0.328320934194
-0.182105127544
0.068113450795
-0.0246507806081
-0.21542468244
-0.446438252196
0.26192135808
0.803680275193
-0.993651866877
-0.162656400385
-0.247434334788
0.777409872076
1.59749425539
0.26192135808
1.52667839343
3.69048239896

0.214410256011
0.214410256011
0.249869144699
0.177050280937
0.148546446244
0.21461254886
-0.0996733805117
0.376737524922
0.402960446494
0.860625642532
0.414356257394
0.201602624771
-0.037359975074
0.0658638097673
0.396515383556
1