21.42
12.0
8.51
12.88
8.05
5.12
16.43
42.9
28.93
19.64
19.17
13.46
12.8
0.6
5.7
58.35
1.63
40.9


0.28
0.22
0.86
39.74
65.95
119.75
6.807935
41.44915


31.782429
-3.811336
79.973765
0.3
0.377529739196
0.364018077599
0.125752224891
0.547539248545
-0.45629247715
0.12938450057
0.470085470085
0.365211621928
0.275038655943
0.0351123595506
0.447981203319
0.446199316167
0.382562698241
0.0540596663667
0.365211621928
0.821664925113
0.520030851595

0.312166124947
0.312166124947
0.351151566704
0.263644837229
0.282672840836
0.241815126881
0.267211471745
0.236968707243
0.226918690704
0.226918690704
0.233361404744
0.241323519549
-0.0485212877189
0.0294932841118
0.186413900057
1