
-131.71


-102.53
-97.91

70.36
35.93

63.23
5.25
0.36
0.52
-17.47

61.48
7.19


1.07
1.07
-0.2
-22.2



190.569113




406.384175
-0.000952380952381
-0.590584403267
-0.0552732026144
-0.28989754308

-0.217912738686
-0.4167591901
-0.49773925208
-0.569824538035
-1.28849501142
0.00379506641366
-0.236581838679
-0.1002169514
0.132195261347
-0.345679012346
-0.569824538035

-0.892779187592
-0.330070269437
0.00986082695562
0.00986082695562
0.01564401927
0.00744488848782
6.25137155336
-9.55912515982
0.779262687319
-23.6063308737
-30.2468906562
-16.5502961887
1.273824622
-0.143856763104
-0.0024159384678
-6.24151072641
0.299758370036
1