17.11
13.84
9.96
11.08
9.4
6.45
8.56
27.3
10.98
8.43
8.1
22.84
70.89
1.47
9.9
6.86
59.99
23.46

1.66
2.96
2.15
2.79
58.23

40.29
26.844271
313.522803


156.87208
77.53059
269.416018
0.178243774574
0.323581217511
0.641599644194
0.223646479253
0.532515474681
0.232270759543
0.0737950234905
-0.091736262915
0.259948812385
0.166484698098
0.00818181818182
0.495540987479
0.236524850276
0.348598879103
0.439804013066
0.259948812385
0.258849877185
0.168521069549
1.2680202072
0.247149348897
0.247149348897
0.179906609319
0.470356637743
0.444133623031
0.532640949555
-0.803880440482
0.386237003849
0.335042735043
0.335042735043
0.446042709587
0.580912015524
0.223207288847
-0.196984274134
0.0235028696437
1