31.2
26.46
18.75
20.11
17.51
12.09
12.86
28.02
15.06
13.1
10.25
20.43
48.47
1.96
20.51
8.89
66.99
24.87

1.35
2.49
1.85
4.21
60.11

26.9
49.322841
383.443906


158.112187
87.97498
263.026634
0.378197997775
0.279452973698
0.299805834011
0.386278358637
0.299520669603
0.882345426673
0.0665035406978
0.0441651410117
0.345513098408
0.389092946082
0.0175270513977
-0.0811728699773
-0.19408101648
0.651527744795
0.0
0.345513098408
0.563859397418
0.251224230699
1.06727810086
0.685560408292
0.685560408292
0.668683664755
0.73051526023
0.333251838339
1.61959678438
-4.01604278075
1.53225873286
1.52272727273
1.52272727273
1.13431200701
1.31076585161
0.0449548519377
0.352308569953
0.299282049655
-1