6.36
6.2
5.15
4.42
4.36
3.59
3.92
20.89
5.05
3.1
4.68


1.55
34.58
9.18
58.73
13.61

1.5
4.68
3.72
20.36
81.08

4.91
10.775194
274.83876


169.503876
64.381395
209.052713
0.0093896713615
-0.295042426556
0.0558239070621
0.157806124957
-0.0237108190091
-0.158573132765
0.689123167909
0.668349106204
-0.0299422306314
-0.0254403479997
0.00423002172173
1.29431866724

-0.177234842294

-0.0299422306314
-0.0778557470243
0.301936867267

-0.0987564566641
-0.0987564566641
-0.0905972375332
-0.128371698913
0.035735400381
-0.543355481728
-0.158748551564
-0.49513293622
-0.479000646134
-0.479000646134
-0.322807017544
-0.403091478446
-0.0296152422485
-0.134491857045
-0.256562581621
1