-38.69
0.44
-3.17
-42.02
0.12
-3.44
-3.12
49.72
1.54
1.18

61.56
20.19


1.83
0.11
8.19
8.92
-0.135087945896
-0.689728087679
0.0644149462712

-0.193190305475
-0.0547139059953
-0.0860174237308
1.36537962242
0.23416045621
-0.140216529087
-0.0987031664924
-0.0987709166296

-0.0860174237308

0.36002414244
0.0300932944216
-0.00419845815352
-0.000630162693106
-0.0143253343507
0.00625509857023
0.0210800905236
-0.37100537689
0.202807725671
0.833221875464
0.904320329709
1.75177122908
-6.56580479851
-0.57645527891
0.00688526126333
-0.0217102532167
-0.0650451089643
1