44.21
33.67
25.83
28.48
22.28
16.64
16.1
30.08
19.12
16.73
12.76
3.73
6.97


3.38
2.63
58.42

0.196747710115
0.212087952562
0.352077735837
-0.0099823644894
0.187224154762
0.659385783613
0.753551053295
0.293900989997
0.635000278753
0.0209084354722
-0.0695405653298
-0.199206997335
0.0954883233162
1.11984536082
0.293900989997
0.0751845695008
0.499847389715
0.0763452218816
0.320297423369
0.320297423369
0.242082506067
0.546693911433
-0.00654355903067
1.78327514616
-56.2282608696
1.67323037588
1.90613680691
1.85411185896
1.17441638976
1.31870697576
0.226396488064
0.3268409824
-0.0317803124674
-1