9.83
9.78
9.06
6.5
6.63
6.0
64.65

89.8
68.42
64.13
10.32
10.29


9.8
16.51
92.2

-0.0306206402245
0.00574511879874
-0.0302958558329

-0.396362622382
-0.58064210626
-0.0305501597659
-0.012112396752
-0.0145265054718
-0.31328503021
-0.308627867113
0.311534749035

-0.0305501597659

-0.0582001201627
0.314993252117
-0.000653699211203
0.0326765303976
8.16666666667
0.00432630188296
0.014128440367
-0.000212399906544
-0.368497812348
0.0350501547699
0.0350501547699
0.0349438716261
0.0229328015582
-0.000226573879268
-0.0283502285146
0.0185480900306
0.0629723862305
1