9.17
9.48
8.08
12.32
12.31
10.86
62.71
99.64
90.17
71.61

10.02
11.06
0.13
7.45

575.66



16.7
16.7
8.73
88.14

11.46
3823.25
6096.916667




47313.916667
0.0
-0.0567817184368
0.0450582223657
0.04140785457

-0.209791154459
3.10613926658
7.37405435696
-0.0299075129299
0.0769131448074
-0.0186045422618
-0.425017796806
-0.417383960763
-0.520848327815

-0.0299075129299

0.125500552581

0.0104270246382
0.0529682753626

0.00683626118661
0.0640626621019
-0.0139281008846
2.11084567606
-0.101063934009
-0.101063934009
0.742662444155
0.565188437767
0.00233982101889
-0.046132014176
-0.0110943867393
0.0115604207926
-1