10.98
10.52
8.72
7.61
7.74
6.04
70.48
100.0
90.9
73.38
66.36


0.13
6.39

736.09



7.69
7.69
4.66
79.4

21.46
4253.083333
6034.0




48772.583333
-0.2
-0.044916025389
0.0341565402857
0.558163513448

0.629129162173
0.0174394231575
-0.172885283893
0.0682466963569
0.0653038580307
-0.0237535772083
-0.0447105023706
-0.0455024595924
1.86750137589

0.0682466963569

0.458555324115

0.164546375669
0.187960042061
-1.0
0.162825804172
0.0954653937947
0.189362226053
-0.818363273453
0.53967056836
0.53967056836
1.35726188096
0.767174168873
0.157527259937
-0.0251342378888
0.0924946482662
-0.370203471387
1