23.68

17.64
14.55

10.84
6.89
35.73
7.73
6.8
5.17
13.52
40.24


3.58
35.41
74.5

0.488932463517
0.723390756918
0.130708459476
0.163406878553
0.0359634064191
-0.0236860546601
0.176850592578
0.216062357681
0.0
1.33318077803

0.0258048171405

0.176850592578

0.177421434327
-0.0646012052159
0.139033141867
0.139033141867
0.154995842713
0.111399210596
0.151851281261
-0.0331139495952
0.16265060241
-0.0309035256774
-0.0244391620859
-0.0244391620859
0.0126746317719
-0.00796755034043
-0.0276339312703
-0.0128181393947
0.008324682391
-1