33.04
32.6
24.8
19.36
19.11
14.53
7.84
35.68
8.57
7.67
5.5
5.99
30.22
4.16

5.43

11.48


3.64
1.21
70.66
75.06

1.42
47.959391
611.902284


145.173858

193.40736
0.176119402985
0.287258285045
0.189982728843
0.173077433335
0.231964345218

0.0697351429059
0.0594247467438
0.186733009406
0.240909879811
0.0
0.547801147228

0.0340721795965

0.186733009406

0.235890850722
1.89008722253
0.189663637687
0.189663637687
0.163505473316
0.239921868806
0.125968232793
0.966659576731
-3.61165048544
1.04314213116
0.955588910471
0.955588910471
0.772152745269
0.842597958365
0.0502582311189
0.0636954048942
0.0165862043522
1