71.81
48.41
26.99
43.98
30.27
16.53
6.34
34.04
7.32
6.45
4.76




1.9
1.87
37.59
60.23
0.0556092176073
-0.0192327903311
0.542244516573
0.724749241894
0.0284266816775
-0.342563422318
0.414379464124
0.836495710439
0.00146787934607
0.00551848049281
-0.12733582488
0.39874624084
0.0686889818689
0.414379464124

0.740840611994

0.355640199717
0.355640199717
0.398578580368
0.279524127548
0.30630168235
0.176344558589
-0.346863468635
0.192401336278
0.20395780827
0.20395780827
0.220257855323
0.189698185198
-0.0761160721684
0.0493385173671
-0.186604316857
-1