-0.92
4.57
-0.18
14.71
8.84
2.95
-1.82
59.56
57.75
33.2
53.55
25.21
29.21
0.14
0.96

58.66



0.2
0.2
0.38
20.05
25.07
265.77
-4.492424
246.910079


486.846509

2428.747036
0.0893433799785
0.00745930109742
0.0329839352645
0.575514211221

0.30735471993
0.737023976069
0.737023976069
0.0271254379474
0.596111191501
0.00117548953613
0.0439637655315
0.0272511124886
-0.209921303607

0.0271254379474

-0.297008306789

0.135533449368
0.130687002794
0.180917835812
0.106662568963
0.0734411411623
0.13453973608
0.149102304857
0.500605127077
0.93709266081
-3.32234494841
4.12167455629
0.106103655857
-0.0240244338311
0.0572458616316
-0.444827208427
-1