9.5
7.84
2.43
6.32
6.79
1.62
22.25
56.15
73.02
43.3
44.53
13.55
28.18


0.12
0.49
25.61
34.43
-0.10694052283
-0.11196739639
0.0334077216058

0.401719550873
0.401719550873
-0.103574653279
0.33277106774
0.257477243173
-0.0668872997903
-0.120636417367
-0.387360218351

-0.103574653279

-0.420408880354
0.0811492873707
-0.0997001831142
-0.102416841353
-0.0710379447886
-0.120879099186
-0.662286617597
0.676750465049
0.425763036089
1.01179904012
1.09294053792
-0.270446344841
-0.149799559392
0.261231495013
-0.0184622578331
0.559869776244
-0.135824562959
-1