4.12
4.96
1.81
3.69
4.77
1.62
10.97
59.99
55.0
28.19
36.63
10.82
9.23
0.17
1.61

3.63



0.84
0.84
0.87
43.99
78.53
115.3
205.282322
1870.992084


4985.656992

11334.456464
-0.0282051282051
-0.0158728636602
-0.0170473635224
-0.00259942676625

-0.422831787011
0.0265322900879
-0.06201089195
-0.0152911220397
0.0746710406581
-0.965963715305
-0.0827346716578
-0.0838858594473
-0.00650992206431

-0.0152911220397

-0.0262691931605
-0.101627183421
-0.0835380740117
-0.0855821368679
-0.155327809058
-0.0284773414449
0.0136019562364
-0.0719325609031
-0.184483783296
0.18472385071
0.18472385071
0.317277882798
0.0800109774961
-0.0323510729103
0.0571047954229
-0.0991840931043
-0.0829827101016
-1