3.73
5.18
1.5
3.01
4.87
1.21
8.49
56.59
52.09
27.84
31.08
11.65
11.79
0.19
1.45

5.77



0.84
0.84
0.74
40.3
67.52
135.09
168.387179
1983.95641


4508.389744

11185.810256
-0.0758293838863
-0.024427949745
-0.0236177421934
-0.571232508073

0.532327852639
-0.591620967908
-0.924925874135
-0.0760691683838
-0.039960512335
0.000271433556943
-0.10343243485
-0.10607473057
-0.0496867349902

-0.0760691683838

-1.18466155873
-0.0143423386714
0.0195249859999
0.0215887854229
0.139478389501
-0.0566413318856
-0.0750194377804
-0.0368797306783
0.04455759774
-0.182260795936
-0.182260795936
0.00631562928017
-0.0505645479668
-0.0503976154852
-0.0782301173085
0.0966082232033
0.592821293496
1