-32.97
-15.04
-18.02
-22.62
-9.04
-12.36
-95.85
65.24
-38.47

11.89

3.53

63.37
2.91
1.38
54.64

0.0808409299076
0.0504673777681
-0.456487206171

-0.486619530027
-0.602585789845
-0.0707983324337
-0.282446080702
-0.951568241401
3.76871517088

-0.754932697569

-0.070771510089

0.499818163043
-0.581565705527
0.650841175809
0.472838062981
0.147510680718
1.15438249566
2.28610225141
3.66210630978
-1.77524265434
0.877926859573
0.877926859573
0.259528598605
-1.33005627062
3.41229328926
0.681544432681
-1.81326418843
0.929325269152
-1