18.0
13.63
6.68
8.36
7.25
3.1
2.06
19.47
3.72
2.46
2.21
3.41
3.35
5.8
8.3

60.67
14.98


1.61
1.61
1.96
37.14
59.08
51.04
13.412121
652.639394


74.527273

200.672727
0.0
-0.038564888535
-0.0352622061483
-0.100617473345

-0.189582030901
0.440760869565
0.626046511628
-0.0833564032999
-0.0786348480875
0.0
-0.0340874115112
-0.0428669410151
-0.106896022116

-0.0833564032999

-0.0901852702496
-0.45280474968
0.0513030786729
0.0513030786729
0.0477505180424
0.066253114354
0.176472477359
-0.352489019034
1.06807511737
-0.430373230373
-0.566181127296
-0.566181127296
-0.169373144753
-0.128129762682
0.0149500356811
-0.125169398686
0.151920552018
-1