17.09
12.86
6.36
11.3
8.98
4.21
2.53
18.78
3.3
2.71
2.26




1.54
2.04
37.21
59.25
0.590520996689
0.192410475681
0.244347395156

0.258085072487
0.247770999531
0.335138469975
0.659162023964
0.111111111111
-0.101834707962
-0.185028929605
0.385537036051

0.335138469975

0.048049159695

0.204399031556
0.204399031556
0.193913836106
0.25195347992
0.213399886791
0.542458317177
-0.268156424581
0.673120216119
0.79593318809
0.78431372549
0.643740722415
0.502637294446
0.0475544483636
-0.00900085523403
-0.0399483635993
1