19.48
14.64
7.4
16.09
12.33
6.11
2.74
18.42
3.54
3.03
2.77
10.69
18.1


1.62
2.14
37.98
61.24
0.0610412926391
0.0290224032587
0.218731290835

0.196060096004
0.333543804262
0.512200483623
0.169833345306
0.1526134352
0.0
0.376797812909
0.665684210526
0.116682813408

0.169833345306

0.427529337139

0.10836583488
0.10836583488
0.108895028907
0.106027968681
0.0828558836492
0.240904850746
0.200956937799
0.245219638243
0.198353586829
0.530180699731
0.379036827195
0.190147594403
-0.00233786619897
0.0255099512303
-0.110365455955
1