-61.73
-52.69
-23.2
-54.02
-45.11
-20.3
-17.33
24.52
-0.03
-15.05





1.33
56.83
37.59
60.23
-0.515636687663
-0.0427958977808
-0.0660755055236
-0.019684586404
-0.63161434184
-0.148791651654
-0.00365432098765
-0.199248557293
-0.334554916359
0.0
-0.894549048916
-1.0
-0.00602180897673
-1.0
-0.199248557293
-0.0241737814407
-0.210876288962
-0.208787710574
-0.295049702027
-0.295049702027
-0.294150204225
-0.297803605037
0.375673277744
-3.44494588149
-0.251938415878
-6.5684267828
-7.69076685435
-7.69076685435
-1.04349149447
-1.00442118419
-0.00275390301027
-0.67072297977
-0.228974196503
1