26.48

20.91
17.52

13.83
10.16
22.27
9.9
9.1
7.52
10.34
15.96

0.72
2.91
15.49
78.97

1.08272299241
-0.0418845021333
-0.412062610182
0.121904181892
0.187919463087
-0.699814933097
-0.780376714815
-0.0439124167532
-0.0753838719539
-0.0498549195463
0.0641589031464

0.106852361168

-0.0439124167532
0.103056978783
-0.527971662353
-0.36081857154
-0.0654416209474
-0.0654416209474
-0.0499447060413
-0.115767749484
-0.0701075020229
-0.174432851892
0.03517186251
-0.156616273144
-0.191542778379
-0.191542778379
-0.181384779897
-0.167842273681
-0.0503261285366
0.00466588107545
0.346620989235
-1