5.67

4.76
4.46

3.75
4.84
18.61
4.75
3.68
4.88
46.8
22.71
1.09

4.62
3.46
6.71

0.48
4.6
2.51
14.38
83.95

6.96
13.664804
282.153631


241.075419
58.569832
287.175978
0.166123778502
0.314088817137
-0.0671675432006
-0.14934447029
0.122902447786
-0.233201581028
-0.293782642516
-0.136674259681
0.0464126861342
0.0588011581117
0.00542299349241
-0.00825900231252

-0.0171300196574

0.0464126861342
0.116506922258
-0.180006512537
0.44027922723
1.56119577068
1.56119577068
0.841696160566
-4.61214683836
0.0797994269341
-1.1941240933
-0.295249549008
-1.27954285714
-1.36032918732
-1.36032918732
-1.52832209016
-1.26958279522
-6.17334260905
1.48139634375
1.71054024097
1