22.72
14.15
10.24
17.02
11.35
7.67
20.44
44.57
39.4
25.67
29.05
3.08
1.99
0.55
4.72
42.42
27.39
19.59


1.23
1.09
0.97
45.06
82.01
103.32
580.895966
2841.804671


2557.235669
128.59448
5675.273885
0.323033707865
0.936132517093
0.88915262112
-0.0381058484148
0.0404906357162
-0.132446890066
0.0246017545885
-0.930585456598
0.753172929668
29.5769845904
30.3147180407
0.0192546166687
1.12226454012
-0.15210172389

0.753172929668
0.491124843054
1.3361754514
-0.0668682795546
0.95184299978
0.254142294145
0.292723892624
4.33525623826
0.825633770284
-13.8571054404
1.15908600327
-5.62517116051
-6.93438822234
-6.20938031962
19.5170976253
15.6982870532
4.08111394412
-0.571491476139
0.292248142559
-1