27.92
17.82
13.97
19.57
13.04
9.79
16.08
30.46
24.27
17.81
17.73
10.48
14.37
0.99
9.61
8.5

14.09

0.03
1.88
1.07
1.34
50.03

84.8
244.861538
1522.91958


876.903497
116.185315
1752.741958
-0.751477233229
0.0452100312624
0.110721386615
-0.0160902662775
0.150672569232
-0.115419296664
-0.114031668823
-0.68271659541
0.0300433646925
0.0684059181126
-0.019693654267
-0.115272262907
-0.183105622293
0.574399616234
144.951332561
0.0300433646925
0.342716061355
-0.310104772355

0.102510114981
0.102510114981
0.0750470614624
0.170807354738
0.0902050330245
0.235713079308
-0.0850805078562
0.284080282522
0.226738619988
0.273821016682
0.169349197361
0.170893171274
0.0682972397569
0.0123050819562
0.118600381258
1