23.23
14.12
11.21
16.41
10.54
7.92
13.8
28.68
22.85
15.89
16.72



0.03
3.01
1.11
48.23
93.18
0.0575629808056
0.0949442131401
-0.0355817272804
0.0641109555729
-0.0868218930404
-0.370467763891
0.0328815222688
0.0175633134997
-0.0317796610169
0.0609816425198
-0.00630831725427
-0.0181097378479
-0.110309278351
0.0328815222688
0.096433476585
-0.0440514698887

0.148176931809
0.148176931809
0.134653502028
0.183248391679
0.0161373342234
0.363865926061
-0.0240695024687
0.45081775328
0.524110125562
0.491650085551
0.263595524535
0.245967619495
0.0350714598691
0.132039597586
0.18375865909
1