15.23

6.18
14.85

6.03
4.89
14.47
7.96
5.9
6.84
9.67
13.52


1.31
1.41
40.62
68.4
0.897618118378
0.928422362977
0.195853644596
0.0113264613295
-0.547131194402
-0.709606552814
0.534855483441
0.408580102681
0.123269316659
0.629163659399
0.793460153857
0.640747562563
5.26726057906
0.534855483441
1.86106089033
-0.357086171953
0.430609104263
0.328474559612
0.328474559612
0.322415537169
0.365458465962
-0.102208580567
4.62183653713
1.41800699301
6.71814230153
6.61862274079
-9.97762008734
7.83180284858
2.38143059577
0.0369839063492
0.43068314018
0.132620915017
1