7.51
5.88
4.48
5.29
4.26
3.15
2.87
20.03
7.12
3.4
5.74
4.35
3.36
1.9
15.5
5.8
34.78
11.09

0.72
2.82
1.32
2.66
59.65

37.72
11.667114
407.02953


155.300671
96.904698
260.3566
0.0154475238528
0.300309793546
0.113221431449
-0.106415206596
-0.0512806542809
-0.0979840696338
-0.255002020262
-0.415505830444
0.0569356880652
-0.0187072041254
0.0194207246022
0.557845410859
0.0599700149925
-0.076893173003
0.0
0.0569356880652
-0.0805147168081
-0.121866517459
-0.629172302183
-0.048129713124
-0.048129713124
-0.00981156727844
-0.175544432577
0.0426256401773
-0.592631148945
-1.70959225579
-0.68471071882
-0.655494041475
-0.655494041475
-0.327390850381
-0.3537967039
-0.127414719453
-0.0907553533013
0.0582854934715
-1