6.21
6.13
3.26
8.43
7.61
4.43
2.43
24.59
7.82
3.6
7.51



0.92
2.37
1.98
52.52

0.00552093935407
-0.00313592577371
-0.0591776881645
0.0922526267175
0.180806699421
-0.550732845914
-0.785629393872
-0.0277149362235
0.0160470457101
0.0030456039112
0.0441239860496
-0.207778767239
-0.185857050795
-0.966890520069
-0.0277149362235
0.0839550918126
0.0618755687093

0.0906572149368
0.0906572149368
0.125776363255
-0.0045927831967
0.0451985200729
-0.220699848206
-0.239345827862
-0.211322567089
0.148814127352
0.148814127352
0.0662470495673
-0.111400268637
-0.0952499981335
0.045458694864
0.149834903101
1