6.32
3.47
2.79
3.05
1.85
1.34
4.85
17.43
9.74
4.79
7.29
13.26
19.72


0.99
0.98
44.12
78.95
0.0171671896011
-0.515142337977
0.0416666666667
-0.88
0.6109375
-0.3
0.0197595190381
-0.0118838028169
0.0
0.136282306163
-0.533419689119
-0.210481586402
-0.871323529412
0.0197595190381
-0.457142857143
-0.958426966292
-0.125100055646
0.0671238873486
0.0671238873486
0.125862390453
-0.144295302013
-0.00215749730313
-0.378330373002
-0.804347826087
-0.395051194539
-0.350354609929
-0.628664495114
-0.350182704019
-0.228478613969
-0.211419189362
0.0692813846517
0.0254572206819
1