27.87
18.84
10.85
21.2
15.09
8.26
10.37
43.37
15.7
13.2
10.39
11.05
19.51
1.51
6.35
6.78
56.35
30.04

1.69
1.14
0.64
1.29
38.93
63.74
77.55
40.32
388.826667


144.68
85.786667
371.666667
0.0
0.0813855927125
0.0385516506922
0.0930620413609
0.0603894503328
0.204167765761
-0.158813263525
-0.0632653061224
0.0854750778816
0.162648666024
0.127616475354
-0.0153359868883
0.00684691011236
0.103523382447
-0.333333333333
0.0854750778816
0.148108493933
0.0243902439024
-0.0216741482637
0.0735532322191
0.0735532322191
0.0820284347769
0.0626838080834
0.0373776677279
0.125438596491
-0.306722689076
0.356053811659
0.327858496526
0.137982195846
0.0911055095427
0.0965269461078
-0.0108694241358
0.0361755644913
-0.0195088091418
1