36.97
21.85
13.01
26.87
16.72
9.46
11.41
42.5
16.19
13.68
10.8



1.66
1.15
1.03
35.2
54.31
-0.0219845908608
-0.0735717221537
-0.0738425925926
-0.0177041690463
-0.0939646712463
-0.181732580038
-0.568990042674
-0.0408929777178
-0.10093289873
0.151488095238
0.0941742081448
-0.00236559139785
-0.0953798369354
-0.978787878788
-0.0408929777178
-0.0845921450151
0.10843373494

0.026053119625
0.026053119625
0.0305086995843
0.0200859516867
-0.00370957780709
0.0741063749894
0.617901116078
0.00660060389228
-0.0282064304411
0.00183210804309
-0.023002548082
0.0434821524026
-0.00596716793838
0.0297626974321
0.0998957122176
-1