20.96
17.67
11.69
13.92
11.78
7.76
12.64
26.54
17.21
14.03
11.57
9.85
12.57


1.49
5.09
55.76

-0.472922367592
-0.315516165086
-0.454757814193
-0.983496561373
-0.496890333517
-0.404706241106
-0.163448899197
-0.464089698934
-0.198190346708
0.0163431383722
-0.724408716977
-0.175723807173
-0.569440904874

-0.464089698934
-0.735180518723
0.205629870819
-0.120002638793
-0.611866120831
-0.611866120831
-0.634689205016
-0.530710040019
-0.62933649768
-0.384604010821
0.314106607791
-0.418524884487
-0.327684020809
-0.47897461866
-0.489199687773
-0.413563100064
0.0811560808125
0.0174703768484
-0.157108306638
-1