
26.43
12.43

25.39
11.87
11.17
25.71
14.08
11.69
13.05



1.84
1.3
-0.08
-4.99

0.150215754784
0.0655184653309
0.241493243725

0.327187050761
0.498883416852
0.202860702616
-0.681391354903
0.0617731199954
0.0900059998853
-0.224431086784
0.029125336562
-0.646098759264
0.202860702616

2.94638686633

-0.0346892048388
-0.0346892048388
-0.140233139996
0.495835030869
0.0952330856176
1.66460000982
-1.45926525174
1.02394940761
2.21187884294
2.21187884294
1.37651571636
1.146314017
0.530524235708
-0.129922290456
-0.276182448564
1