89.75
33.48
9.7
88.14
32.92
9.52
8.46
20.86
11.24
9.76
9.79
10.77
24.52

1.1
0.86
0.54
10.81
12.12
1.15304648934
0.569315024953
1.15535208474

0.832967677227
0.582892935095
1.15441896653
-5.66253691565
0.542107828536
-0.265169874055
-0.926672151101
2.24853103592
59.5863529412
1.15441896653

-2.47560551074

1.21953164098
1.21953164098
1.36454617641
0.800563998776
0.757012936616
0.852790077268
4.55040928401
0.680716152489
0.663854892235
0.72898366982
0.66485306077
0.772363884073
-0.418967642204
0.462518704365
0.0641795562436
1