-10.0
-3.18
-4.42
2.26
2.91
1.0
-11.95
21.35
-4.65
-9.03
7.08

7.22


7.19
0.99
44.17
79.13
0.592488286627
-0.150196906867
-0.108094408041
-0.179090004739
-0.0745481386905
-0.0540158561785
-0.0184368254882
-0.00719202161122
0.00856531049251
0.0541766757071
-0.00415924060442
-0.259356558578

-0.0184368254882
-0.20536001138
-0.0776482977733
0.0991908878594
-0.383925607705
-0.388108007486
-0.425388976096
-0.160915668554
-0.56560141729
-0.797083897378
-2.49880054832
-0.719117589334
-1.06485172581
-1.06377559059
-1.86557653818
-0.546995210541
0.227192338932
0.177493409805
-0.280013599445
-1