18.22
11.06
8.2
12.28
8.02
5.53
11.27
88.42
19.74
11.99
15.35


0.83
5.7
18.88
58.44
24.52


1.62
1.3
1.05
45.02
81.9
99.67
38.002606
337.080169


208.614172
49.614048
463.330975
0.0334744132359
0.0861172829423
0.0733320455766
0.186846823353
0.261540889602
0.232684796618
0.0111626660649
0.150982731263
0.10439857871
0.158811031851
0.0378271712361
-0.00772327409887
-0.0702634520198
0.429954690331
1.60601895392
0.10439857871
0.243855238759
-0.0680982639851

0.154750744944
0.154750744944
0.277545814921
0.140394903848
0.157278323482
0.0433425619729
-0.366626344525
0.0878910066256
0.158632792639
0.18198010389
0.148860430259
0.071499513398
-0.0143558410967
-0.00252757853802
-0.0320960784086
1