9.96
6.58
3.6
7.73
5.61
2.79
5.96
27.25
14.76
8.67
10.72
8.4
9.13

0.86
1.52
0.77
36.12
56.54
0.0296796482412
0.0574500768049
-0.0789043336059
-0.0981308411215
0.108495394063
-0.169620253165
-0.000453823462673
-0.0316494217894
0.0
-0.0371920037192
-0.079333986288
0.21207177814
35.2857142857
-0.000453823462673
-0.333333333333
-0.37131147541
0.164494946502
0.0752122927618
0.0752122927618
0.0536492374728
0.137362637363
0.101449275362
0.222811671088
-0.191011235955
0.592964824121
0.163157894737
1.32075471698
0.357142857143
0.136034732272
0.0621503446008
-0.0262369826005
0.154116626368
-1