26.73
24.92
20.35
18.47
17.58
14.06
10.07
78.45
13.03
9.96
10.03
17.89
29.07
2.36
20.0
8.97
2.18
10.76


2.83
1.26
7.96
76.11

14.53
28.162264
279.569811


105.343396
24.486792
138.403774
0.615853658537
0.391223930098
0.470372312533
0.0292916003047
0.507762557078
-0.544715447154
-0.2281383112
-0.372609942639
0.217695883134
0.286629487948
0.0769230769231
-0.117676640684
-0.117676640684
0.181286549708
-0.0231729055258
0.217695883134
0.362090680101
-0.0383191595798

0.846196017842
0.846196017842
1.02229259025
0.803065086555
0.768833885306
1.07974077205
-1.56944444444
1.19177679883
1.14565126925
1.44128787879
0.6964367291
0.659845227859
-0.0431309312879
0.0773621325365
0.816904417538
-1