38.53
34.1
29.26
23.75
21.12
18.04
10.85
75.56
13.18
10.9
8.97
20.58
24.56
3.12
127.57
15.11
1.43
8.91


4.18
2.87
7.21
75.95

15.53
50.476712
465.049315


131.005479
21.109589
172.493151
0.258620689655
-0.0519836315716
0.0703855543784
0.658349238862
-0.189376443418
0.508928571429
2.30430542009
4.54489795918
0.251266967427
0.357627551745
0.0666666666667
0.0724684568101
0.262230466033
-0.0449854161992
2.09727626459
0.251266967427
-0.27625399211
1.15723720856
4.48672376699
0.542052763545
0.542052763545
0.493536888345
0.558424358772
0.464796626455
1.51079136691
-0.790830945559
1.62524935879
1.63442356762
1.63442356762
1.02445507709
1.1145557656
0.0163715952267
0.0772561370906
-0.116296475317
1