30.97
17.79
12.35
19.48
11.82
7.77
16.33
58.98
20.8
17.95
13.12
14.49
20.56
0.99
10.43
32.35
60.94
17.81


0.93
0.83
1.08
39.87
66.3
104.38
84.878289
519.645724


274.079276
78.322039
687.483882
0.003300330033
0.0174973821664
0.0576391954743
0.0489432703003
-0.0614237392374
0.117187761104
-0.0266557236654
0.276983687689
0.0241469121737
0.193519876695
0.000850781266212
-0.12394821454
-0.271844660194
0.0497536351213
1.0
0.0241469121737
0.125721012917
0.0605378400049
0.523625293725
0.011692865354
-0.00340187099017
-0.0115653138209
0.0285246234617
0.0147094972155
0.0615500353693
-0.124234440757
0.0843692478378
0.143697641093
0.121235979888
0.0885447291054
0.0503629314505
0.0319264944519
-0.0181113682056
-0.0523451412905
-1