27.71
14.89
10.6
17.09
9.72
6.54
14.06
56.64
18.63
15.44
11.87
5.17
4.09
0.96
10.7
35.22
53.56
18.33


0.91
0.81
0.95
38.25
61.95
114.69
61.163025
434.857983


220.687675
54.911765
576.92437
0.174342105263
0.0117381487085
-0.0302777319367
-0.109468893602
-0.0972847899091
-0.136269300237
-0.0612823990908
-0.0401835798062
-0.0145127804432
-0.0544238425062
-0.0571404876431
0.0765303272225
0.0933333333333
-0.0901219434572
-0.25
-0.0145127804432
-0.176666008677
0.164529355317
-0.686037761891
-0.0172688502984
-0.0394122723109
0.0388874056904
-0.0563246197372
-0.0131230153464
-0.155042203465
-0.167838724801
-0.153772817114
-0.199000060237
-0.170463085016
-0.111465858999
-0.119929646467
-0.0169123474263
-0.0262892569645
0.0700566212911
-1