17.61

3.09
-4.25

-0.74
2.21
10.88
5.69
3.42
1.74



1.99
1.31
0.42
17.52
21.24
-0.0267791636097
-0.04532839963
0.0969875091844
0.134490238612
-0.0645773979107
0.281553398058
0.0350587371512
0.0681081081081
0.0
-0.062672447773
-0.0350421804023
0.144511581067

0.0350587371512
0.207224334601
-0.03125

0.173136992414
0.173136992414
0.181940474189
0.105670103093
0.152941176471
0.015037593985
-0.172413793103
0.16
0.219047619048
-1.31578947368
-0.569182389937
-0.00443458980044
-0.0674668893213
0.0201958159435
0.0761494832297
1