0.5
3.27
0.2
1.43
3.69
0.58
0.26
10.5
4.5
3.65
1.61
28.66
21.91


7.42
0.82
40.82
68.97
0.811288314151
-0.0425545865845
-0.165067467123
0.0946481452128

-0.631713854516
-0.583072301479
-0.0142668953147
0.0300149353659
0.00755667506297
-0.0123133982081
0.00127436120785
-0.172939111953

-0.0142668953147

-0.163827075215
0.252393513656
-0.0295337690003
-0.0295337690003
-0.186582016056
-2.50286522063
-0.021659937464
-1.26138633412
0.380707367693
-1.01604661529
-1.10758998435
-1.10758998435
-1.26251019735
-1.34512489009
-2.47333145163
-0.00787383153636
0.135533698123
-1