

-2.08


-47.42
-1.72
12.19
5.46
2.85

9.55

2.48

8.07
82.73
80.34

1.72
1.02
0.73
-0.5
-47.7


-3.939394
228.787879



29.848485
189.772727
-0.333333333333
-0.464896489649
-0.425806451613
-0.463295269168
-0.399678972713
-0.377019748654
-0.653146853147
-0.808853118712
-0.46405648267
-3.58658008658
0.0
0.161927710843
-0.0639698965193
-0.396817969116

-0.46405648267
-0.015
-0.914285714286
-0.108220497336
-0.373313965553
-0.373313965553
-0.378631677601
-0.332123411978
-0.271317829457
-0.475609756098
1.81632653061
-1.45217391304
14.652173913
10.3142857143
37.2413793103
-0.3125
0.0411905535748
-0.101996136096
0.089981303615
1