11.04

8.69
8.04

6.34
7.95
24.23
13.07
7.74
11.13
8.35
10.23
1.33

8.26
63.34
32.83

4.74
2.89
2.14
21.51
78.74

4.65
10.445255
131.393577


94.659562
27.041752
120.216058
-0.031117397454
0.31953349727
-0.040222327812
-0.0534681297227
0.192596484315
0.0667852282985
-0.252407071265
-0.264005585087
0.0991956388838
0.111412400714
0.00663129973475
0.737977165264

-0.0234761397787

0.0991956388838
0.182513437943
-0.0686004528487
0.830120770545
0.0646669300597
0.0635935628476
0.0691500702318
0.0508843799701
0.0158438890791
0.1341796875
-0.434202546998
0.105224134202
0.524019004047
0.529943105167
0.255395412959
0.0984953141918
-0.0127091828775
0.0477496737685
0.11706169257
1