11.47

9.07
7.92

6.26
7.9
24.95
13.77
8.02
11.21


1.4

12.36
65.18
28.46

5.38
2.96
2.45
29.79
79.12

3.36
9.195484
116.45129


80.188387
21.298387
101.350968
-0.0236220472441
0.0322284068961
0.0585389978529
-0.0331576874112
-0.0854521543086
0.122137142465
-0.119944458173
-0.0389660914085
-0.00407640566259
-0.0251798984334
-0.0197095435685
-0.251860485968

0.161083623976

-0.00407640566259
0.00545174897589
-0.109275548881

-0.00845970242722
-0.011540887519
-0.024828042947
0.0442676931639
0.149379465965
-0.124773194629
-0.607560756076
-0.107988860031
-0.100173738113
-0.100173738113
0.0381003694581
-0.00896914613729
0.0558085806829
-0.160920353484
0.0216167998921
1