32.47
18.49
12.91
24.97
14.55
9.93
12.84
51.19
16.3
13.94
12.23
14.29
18.32
1.33
12.71
10.75
69.27
21.66

5.19
1.74
1.36
1.1
39.75
65.97
90.64
22.510659
175.265055


69.325495
39.481319
174.404945
0.0340909090909
0.0554599281567
0.0485953166544
-0.163476586162
-0.0121770161317
0.128584300241
-0.433303482035
-0.533951777385
-0.0495205036852
-0.0427009326224
0.0
-0.130030502879
-0.221025473473
0.0874875514916

-0.0495205036852
0.077097879561
-0.361831204173

0.0758462891711
0.0758462891711
0.0719315978496
0.0796050752615
0.0222458501941
0.270044098158
0.175537634409
0.278823103431
0.446548272759
0.446548272759
0.3334517992
0.2232429863
0.00375878609048
0.053600438977
0.239322875333
1