3.64

0.43
2.94

0.35
8.68
35.12
31.54
30.5
8.05
59.52
6.53


0.04
4.67
11.81
13.39
0.228473317027
-0.0235983119456
0.477918854759

0.477918854759
0.540749114799
0.236531879037
0.355685495916
0.762430939227
1.46321067174
-0.0161699429296
0.204222373066

0.236531879037

0.193786192215
0.197794814869
0.370811364245
0.370811364245
0.164982809681
1.03490351561
-0.404919352871
2.21336129419
4.79536757301
0.515954981794
0.515954981794
0.676235827664
-0.143632146819
1.14412731138
0.664092151367
0.775730717116
-0.107107490514
1