4.75
4.41
1.62
-2.65
-1.4
-0.91
1.95
14.06

-4.05


4.05


1.65
3.64
34.21
51.99
-0.65192294049
-0.236502707833
0.122074158628
-0.118570971355
0.204736945672
0.200523374794
-0.0299666417927
-0.147398712214
0.0395131505721
-0.162365190655
-0.187284482759
0.0897603815725

-0.0299666417927
-0.729335204798
0.175872978526
-1.16692439303
0.0624518375383
0.0998688814954
0.109549948223
-0.156411244467
1.26371840802
-1.46776817672
2.65290359493
-0.811078185548
-1.11677847319
-1.13636720282


-0.256280125962
-1.16384952652
-0.022205277133
1