46.52
15.06
10.2
51.17
16.15
11.22
36.08
35.96
18.67
6.46
51.9
11.39
7.55


1.61
0.3
21.92
28.07
0.42622693621
0.0214570901483
0.932284313827
0.169547265333
0.527614680609
1.12872785603
2.73957439815
0.465095963201
1.07579867688
0.000614124872057
0.349374300477
0.118069775653
0.400043812454

0.465095963201
0.725587375897
4.0994919398
-0.107373256913
0.296121318342
0.339120288813
0.324710158105
0.248159452374
-0.305012591798
-1.47357320922
-3.02953584288
-2.27779740752
-3.25055708339
-3.16685926018
5.38824885515
0.459369772999
-0.0909608364387
0.644132880611
-0.593164025013
-1