-25.95
-13.1
-13.5
-23.3
-11.6
-12.12
-14.84
3.94
-12.88
-13.33


0.73

0.25
10.32
1.28
52.02

-0.168534207889
-0.014955437212
-0.263892173091
-0.270339028807
-0.0066800022022
-0.869225425495
-0.869225425495
-0.243341080606
-0.0578670841355
547.301136364
-0.390204655565
-0.440720371805
-0.288093126577

-0.243341080606
-0.264612889087
-0.261196255909
-0.577731832921
-0.202241503126
-0.202241503126
-0.0453229897353
-0.840556998477
-0.0771704517987
-3.21774417882
-0.0293540836338
-4.33015494636
-4.15663719835
-4.48396141479
-4.07314151497
-3.0201657075
-0.638315495351
-0.125071051327
0.0616506699649
-1