8.09
5.62
1.83
6.36
5.21
1.44
9.44
59.09
50.77
26.37
31.83
13.34
9.22


0.24
0.31
22.62
29.23
0.0146625612184
0.0327550198971
2.10045085663


2.10045085663
2.10045085663
0.0212842213019
-0.101401575715
-0.225642398287
0.065333407093
0.0570661236813
0.0351511073403

0.0212842213019

-0.147157616569
-0.00993665701681
0.0853566604894
0.0853566604894
0.888185484948
-0.161509839997
-0.285380116959
0.0681309408
-0.11130352884
0.674122717012
0.674122717012
2.6759272519
0.243701090152
0.0520309895302
-0.246866500487
0.370736777448
-2.01509419614
-1