12.71
6.5
4.79
8.35
4.57
3.15
5.84
41.25
11.15
8.18
6.81
13.21
35.78
0.97
9.23
6.53
72.74
21.42

3.34
2.63
1.8
0.8
37.7
60.52
124.97
11.028654
188.974615


86.801538
55.898462
230.228462
0.04
0.631446295696
0.0844821027149
0.0999112954323
0.214911572968
0.14534337054
-0.0619414010503
-0.0358646725715
0.367858432317
0.0337871264452
0.184485726766
1.08792872425
3.47054095526
0.0789017512615

0.367858432317
0.14522560005
0.113237315259
0.462142750938
0.072956190472
0.0732314934983
0.0575852164483
0.095638023825
0.131965565415
-0.0301290556025
0.312635173591
-0.122298745026
-0.0987147241387
-0.121814285049
-0.0483581834737
-0.00605774811376
0.0224065303267
-0.0587340719166
-0.026679801934
1