10.87

7.52
7.33

5.07
9.77
31.81
18.33
10.51
14.41


0.89

8.38
63.23
22.81

3.02
2.59
1.89
3.94
69.21

25.85
34.983897
358.172303


321.784622
82.938808
464.936393
0.0243298969072
0.0953975559435
0.0938356944949
0.154974020667
0.22861145199
0.0587804878049
0.227141304948
0.24804728498
0.115103940368
0.129961081793
0.0131291028446
0.0010467895163
-0.0341079269349
0.215192590531
0.233700787402
0.115103940368
0.0856814624712
0.120035056159

0.13265436028
0.13265436028
0.16190439712
0.0746563378142
0.0661640598627
0.0922897196262
-0.19512195122
0.122739018088
0.0918727915194
0.215767634855
0.1086129367
0.0657344485102
-0.0579980224658
0.0664903004174
-0.0223196603866
-1