13.08
10.63
8.86
8.85
7.31
5.99
9.86
27.03
16.05
9.89
12.83
5.74
8.5

1.95
4.35
3.68
67.69

-0.0655289812802
-0.0739639043013
0.124616913568
0.0482644908648
0.184043649239
0.202096997055
0.0410087134305
0.0433080489007
0.0031163434903
0.0527111753639
0.0
0.0151915455746
-1.0
0.0410087134305
0.0287885044182
0.161983389869
0.147980553561
0.104740218732
0.104740218732
0.0731481522235
0.200139111635
-0.221955451263
18.9440756387
-0.989577033901
-5.27178046672
-4.93657410015
-3.81009413347
0.49611915983
0.402259768792
0.095398892903
0.326695669995
-0.0198766948359
1