3.64
7.89
1.4
1.48
6.6
0.57
0.88
20.15
7.08
3.18
4.26
8.44
36.09

4.62
1.31
1.48
38.39
62.31
0.00788280633673
0.026239407765
0.205454013416
0.231721893551
-0.0209908779545
-0.266527084818
0.0913871529739
0.094398349916
0.00615174299385
-0.0713556597612
0.0193450629634
0.24575643514
0.119658119658
0.0913871529739
0.31804286253
0.0902775516407
0.409489435323
0.245712108284
0.245712108284
0.256008350377
0.206524210518
0.0604895436852
3.53297945542
0.426044120797
-1.97350440328
-1.3624425476
-1.16329416201
0.881909701037
0.372123189666
-0.0391878977661
0.185222564598
0.0402580948681
1