9.8
8.16
5.88
6.89
5.93
4.14
5.86
26.95
11.22
5.84
9.5


1.28
11.41
7.19
66.14
38.82

3.61
2.09
1.44
3.27
60.06

31.11
7.695099
131.316952


78.540573
28.234199
130.76098
0.00987153482082
0.087907233125
0.105457001651
0.0534950139686
0.0430312203773
0.116812030821
-0.0171357847247
-0.0969019846459
0.0721384513701
0.105873635666
0.00939937964094
-0.0413265088049
-0.13871301595
0.0894428835318
-0.761739678538
0.0721384513701
0.0615632473254
0.0224941210069

-0.102007645995
-0.102007645995
-0.0728673944131
-0.172511507029
-0.227294620155
0.112191241244
-0.957593123209
0.0443418685373
0.0330345188893
2.19256276646
0.404004338787
0.0458721698068
-0.0705038610345
0.12528697416
-0.155502659964
1