14.84
12.92
8.5
9.35
8.43
5.35
7.29
25.37
11.71
7.18
9.12


1.66
15.24
8.96
67.51
42.87

3.02
1.48
1.04
4.48
57.27

32.16
10.870004
149.024867


73.243783
26.824933
127.90353
0.206213176219
0.197446118883
0.247633248428
0.158376412633
0.0977711978071
0.397256928448
-0.12408907376
-0.210255454572
0.179854442753
0.1248659514
0.0147127293044
-0.179186660202
-0.520245037404
0.639019895606
20.4656084656
0.179854442753
0.146006933741
-0.283262926369

0.368869401178
0.368869401178
0.398438023451
0.288714407341
0.179603393958
0.682670667667
8.91891891892
0.703882228061
0.737976502409
0.524890570517
0.313342990504
0.427945892421
-0.0801549938369
0.18926600722
0.210492988544
-1