18.2
12.91
8.23
12.27
9.56
5.55
8.55
31.64
14.04
10.61
9.19
6.93
6.27


1.48
1.3
45.24
82.62
0.0262689885536
0.0427231478168
0.00993092928802
0.00859533316275
-0.0739966340531
-0.528238659583
0.0214143293122
0.21483775952
0.00382165605096
-0.25905601846
-0.308967022386
0.465561185487
4.0622885712
0.0214143293122
0.0486722365855
-0.386770047773

0.194218092509
0.194218092509
0.149497702287
0.303780336995
0.33392912583
0.247888111555
1.31667876614
0.123192052254
0.177443185634
0.177443185634
0.350607573518
0.348143045122
0.109562244486
-0.139711033321
0.184287163221
1