8.18
7.61
3.85
8.82
7.91
4.15
35.88
86.19
70.65
51.2
58.15




3.33
0.91
47.08
88.97
0.0895532453519
0.148694169384
1.87169117647

-0.109848484848
2.6856846473
5.40324324324
0.114349729907
0.103887716881
0.0867052023121
0.11799237737
0.117968328774
0.499680511182

0.114344614503

3.73073593074

0.110936906119
0.110936906119
-0.0149527006408
0.134151145124
0.17961654894
0.105039689865
0.0679785330948
0.121657754011
0.121657754011
0.179330118598
0.164326083233
0.113282566211
0.0232142390047
-0.0686796428211
-1.76075427035
-1