1.23
4.07
0.5
-0.54
3.34
-0.22
4.8
84.06
72.85
48.36
22.4
13.13
9.0


2.06
0.7
40.89
69.17
0.0143662786621
-0.00171250269481
0.0533042368051

0.11303426256
0.136984738962
0.0152073519524
0.00992264695303
0.000366876955414
0.0161809982034
0.0163234149589
0.188640163709

0.0152073519524

-0.0484240759345
-0.0262310868334
0.0554364357445
0.0554364357445
0.0826749069272
0.0504244606949
0.0236547111652
0.0711051188373
0.205577650811
-0.467661157424
-0.467661157424
-1.10213549294
-0.49673796233
0.0547513646057
-0.0050119750496
0.0317817245793
0.0021321989394
1