7.8

4.41
4.62

2.61
9.14
58.56
16.82
9.91
12.32
5.74
6.83


0.86
10.5
56.57

-0.00758635991874
0.0408599572419
0.154707014867

-0.00924294378387
0.392951135697
0.534096550203
0.0404428306948
0.0314331280734
0.0147058823529
-0.317606812365
-1.0
0.139976180215
7.0
0.0404428306948

0.0549811242644
-0.683554204991
0.135693083849
0.135693083849
0.0368210319559
0.217865566655
-0.0259770351162
-6.32047541869
3.52117647059
-5.49262741217
-6.64672316858
-2.66250502179
2.5254339753
2.44025027786
0.0821724828062
0.161670118965
-0.019013931019
-1