35.17
32.6
28.07
21.84
20.25
17.43
17.28
47.98
18.74
17.3
12.17
7.49
13.97
1.89

5.86
47.46
17.01


4.4
2.4
12.55
79.81

7.97
75.221792
435.355728


213.848407
111.08118
267.963609
0.0789962825279
0.0193000228614
0.0362372831786
0.121054903213
0.205846460479
0.20601503079
-0.132731305076
-0.208200278899
0.0789891470126
0.103604925101
0.0151515151515
0.252557079072

-0.0950311375043
-1.0
0.0789891470126
0.211572697509
0.205616029581
0.488175829577
0.194883575516
0.194883575516
0.169795329085
0.223327465233
0.125460611899
0.446391722735
-0.561049445005
0.450537312937
0.454955344377
0.455725426504
0.40567606012
0.41459226186
0.0284438897166
0.0694229636168
0.0738286723034
1