21.52
20.65
18.24
13.13
12.6
11.13
13.93
46.34
14.97
13.68
9.79


1.48

4.24
42.99
13.65


4.84
2.19
23.62
84.76

4.26
45.687157
328.050137


212.296016
104.145261
250.476305
0.0206799859797
0.706125996588
-0.0341422359377
-0.0489962643094
0.118178391087
0.218797410201
-0.476758574506
-0.601755122754
0.178388290224
0.211325449932
0.0281690140845
-0.126889326349
-0.11925795053
0.0809851991252
-0.159763313609
0.178388290224
0.143853415859
-0.077877606374

0.130962289102
0.130962289102
0.140107427631
0.120554450233
-0.000461361014994
0.575972413128
0.581694915254
0.576072405909
0.557916762651
0.557916762651
0.385726146
0.454993997843
-0.0104078388697
0.131423650117
0.179958553412
1