12.05
11.19
8.94
8.65
8.05
6.42
32.02
64.09
36.27
26.73
32.54


0.35
235.94

116.07
74.94

17.83
2.09
2.09
12.49
74.2

8.0








-0.0402237125904
-0.17024
0.279385061671

0.267011534959
0.282851655516
0.283394801895
0.070896520663
0.0995712040909
0.0
-0.12491723389

0.0391719805128

0.070896520663

0.623092450545

0.115716368494
0.115716368494
0.0722331142121
0.141656442421
0.151631496969
0.128
1.25797579758
0.229575880441
0.256184586108
0.309619826227
0.187593238656
0.0816011208998
0.0259400739272
-0.0359151284751
-0.163668693177
1