34.57
22.11
16.04
25.28
16.71
11.73
8.11
15.99
10.38
8.72
7.59
5.05
18.18


3.04
1.39
46.4
86.58
0.00012381965363
0.026113351094
0.243350697448
0.313015579708
0.41574031836
0.545830281066
0.136068752865
0.392298088473
0.0
-0.0133941227593
-0.0125484666902
-0.0309577445559
7.73737864078
0.136068752865
0.332202749388
0.443936948479

0.451458822156
0.451458822156
0.475052707026
0.338931725408
0.0862692605152
0.661265350112
1.02647954455
0.639056398696
0.668598264924
0.608664174105
0.429682222789
0.510570934858
-0.112527096748
0.36518956164
0.208108124708
-1