-18.21
-7.08
-8.09
-17.6
-6.76
-7.82
-5.66
29.08
10.18
-3.36
8.06
5.35
4.55
1.72
-2.17
7.17
41.94
24.34


2.4
1.23
1.15
44.44
80.0
87.45
-12.605422
222.765882


69.233023
41.982749
155.777683
-0.2
-0.198910620544
-0.0704114108921
-0.162561328107
-0.092860110582
-0.268853369538
0.0570348811954
0.378092340257
-0.184434061634
-0.203079396098
0.00158752392959
-0.0122448243526
0.0137037081325
-0.388105379397
-0.442636514065
-0.184433297542
-0.131424201224
0.136960128714
-0.341065738349
-0.0492739904523
-0.0492739904523
-0.0824177571937
0.0425455042145
0.561692634519
-1.47094848704
14.0853462158
-1.81156124392
-2.24524347424
-1.81286539024


0.0918194946668
-0.610966624971
0.113287337654
1