15.32
11.62
5.63
13.47
10.57
4.95
3.63
18.69
6.0
4.13
5.06
5.59
5.22
2.38
3.31
6.91
43.16
46.45

1.79
1.54
0.89
1.29
36.78
58.18
80.76
10.752212
296.371681


70.185841
40.20354
190.823009
0.018018018018
-0.01744584926
-0.0701051577366
0.0746018440905
0.0794746215494
0.0969945355191
0.0344294003868
0.181381381381
0.0297516714422
0.127683776482
0.0121951219512
-0.107580174927
-0.113983259478
0.0657017170427
0.127490039841
0.0297516714422
0.0793537657401
0.0915989159892

0.0606828403116
0.0606828403116
0.055219716345
0.0851248266297
-0.0248049609922
0.799739921977
1.77049180328
0.716101694915
0.61698440208
0.7088
0.344171292625
0.431316725979
0.024441986318
0.0854878013038
-0.0139190037789
-1