4.33
4.85
2.44
4.32
4.84
2.43
29.76
94.66
84.41
58.14
55.95
17.84
11.77
0.08
1.98

46.91



4.22
4.22
1.3
56.29

77.17
1139.465517
3829.034483




46785.775862
0.0175438596491
0.0836015823088
0.0797594753188
-0.731348459758
-1.0
0.0450326820989
-0.865484400657
-0.865484400657
0.0473233493969
-0.0234983122794
0.000140048478319
0.156486478797
0.148214506364
-0.017266764824

0.0473233493969

-0.780806170505
0.229104766687
-0.0294676764543
-0.0264989424468
-0.0926747209053
-0.0256362717788
-0.224701271389
0.161734404664
0.0858516246856
0.244684257114
0.211797732058
0.380810725882
-0.0483874673549
-0.0336177342441
0.000862670668064
0.198202328942
0.704849517311
1