20.29
10.79
7.78
9.57
6.29
3.67
13.08
44.64
23.9
15.88
14.19
7.33
6.1
0.65
4.53
23.29
27.91
21.38


1.52
1.22
0.72
38.35
62.22
140.16
146.943803
1123.770697


724.316106
68.635725
1888.483693
-0.0249510763209
0.040994312157
0.0135336174409
-0.157560053249
-0.0167900527629
0.228155408463
-0.360741459004
0.208377454129
0.010325661252
0.174025665612
-0.0113090792702
-0.0160778156835
-0.0208550042359
-0.308752731919
1.44064729054
0.010325661252
0.633930171168
0.46236892722

0.20362548058
0.20362548058
0.34311757665
0.0662763748295
-0.0144653895587
0.252065810181
0.0465725100465
0.307067812798
0.333559669741
-0.271241450646
-0.178608547274
0.11199569527
-0.13734910575
0.218090870138
0.361185533829
1