16.09
12.19
7.3
9.1
7.92
4.13
6.45
54.01
12.6
7.0
9.24
4.28
4.82


1.61
1.57
45.4
83.15
0.0202386355261
-0.0915977408389
-0.0247201727312

-0.0334492388353
-0.0202119624606
-0.00347555526133
0.00123619498288
-0.00554123837614
0.0150130548303
-0.00294651649434
-0.0422739396691
0.0183739989239
0.0
0.00123619498288

-0.0882345230761
-0.0573446231791
0.0320546441298
0.0320546441298
0.000725708102166
0.0603237336898
0.0575454922846
0.0793711189577
-2.67916041979
-0.0538825881024
-0.132196061845
-0.132196061845
0.0339201942712
0.122330558022
0.02826908956
-0.0254908481548
0.056774816861
-1