13.13

12.42
14.78

13.98
90.87
98.56
88.79
79.2

17.49
14.78


2.22
137.97
94.61

0.158598259792
0.234536651005
-0.530212991292

-0.768742791234
-0.526086869775
-0.543923704635
0.00493102256369
0.0116313443432
0.0
-0.20993227991
-1.0
-0.0810925799864

0.00493102256369

-0.664733917831
0.46506845797
0.102773045784
0.102773045784
-0.0660474716202
0.105695704995
-0.114406470888
0.177187625743
-0.143358278765
0.12322592075
0.12322592075
0.11683185533
0.0635881907646
0.0977967670165
0.00292265921112
0.217179516673
0.632986037076
1