11.82

11.11
13.39

12.58
89.22
98.3
89.2
74.2

13.11
11.35
0.13


10.96



4.34
4.34
107.75
93.99

0.93








-0.161394833722
-0.0326638393214
0.319992233512

-0.086887835703
0.33024576676
0.33024576676
-0.0871244498055
-0.0370356257481
-0.00719424460432
-0.580845248108
-0.580845248108
-0.478638924626

-0.0871244498055

1.43906381127
-0.0604792597248
-0.00982506173269
-0.00982506173269
-0.80514779811
0.0654636133478
-2.2978059391
-0.330518009096
-0.313863928113
-0.327771234998
-0.327771234998
-0.40363975735
-0.360989909349
-0.274805454416
0.0752886750805
2.28798087736
-0.329817295245
1