19.85
10.38
6.69
13.29
7.86
4.48
13.04
50.37
26.55
17.28
18.0




0.89
0.62
33.72
50.88
0.000398891317667
0.00525434563404
-0.00681916927888
-0.146977064559
-0.0496251939914
0.147319688764
0.119017522024
-0.000391765661215
0.102261317578
0.0190574424716
-0.011447035864
-0.0125999865828
-0.171849117671
-0.941008807311
-0.000391765661215
-0.158001885822
-0.643361106436

-0.0070801369503
-0.0070801369503
-0.0162366638165
0.00210935707881
-0.0530846033053
0.128003202047
-7.26743645381
-0.184662060108
-0.148022555187
-0.069060711731
-0.150108512476
-0.0210331033683
0.00918949402911
0.046004466355
-0.000260967671419
1