9.01

7.82
6.16

5.34
13.02
23.04
15.21
10.66
13.44




6.25
708.87
86.7

0.121272941712
0.224596725288
-0.00178179338292
0.104081812055
-0.0380501176961
-0.0146621574394
-0.0400674704126
0.0179102401939
0.0191958396268
0.0
-0.761421319797

0.0408325838366

0.0179102401939
0.053402099535
-0.00950354345741

0.161107476283
0.161107476283
0.22892368922
-0.0195960900037
0.102185555073
-0.131043313171
75.2280701754
0.0581344138113
0.0632083414287
0.0632083414287
0.323129433097
0.0814746330752
-0.180703566286
0.0589219212097
0.162889269666
1