14.42
12.01
9.83
13.93
11.67
9.5
48.58
98.32
83.21
58.45
71.72




3.79
2.33
68.21

0.0944585807181
-0.693905322804
0.588448049101

0.57625876688
0.592769921687
0.731208881579
0.12836765248
0.327864277416
0.679990693346
-0.159770852692
-0.188684142227
0.0387954422138
0.0
0.12836765248

0.961015079073

0.420822315307
0.420822315307
0.57428791378
0.418453788302
0.234572623419
0.578874774755
0.48906016907
0.598450158507
0.598450158507
0.576156377008
0.435814152872
0.455324480802
-0.00236852700484
0.186249691888
-0.167625733795
1