19.71
14.62
10.44
14.5
11.36
7.68
28.29
56.44
39.82
24.5
36.13




1.1
1.67
52.95

0.460879103022
9.95422285309
0.996442255063
0.750195771339
1.91872791519
2.89204545455
0.530102582243
0.587839711592
0.150943396226
0.383255907897
0.332547462464
0.688229325216
0.576988155668
0.530175463422

-3.22222222222

0.251706016158
0.251706016158
0.147762918937
0.34578601315
0.268292682927
0.462228870606
-1.9001490313
1.25361957064
1.58346094946
1.80253164557
0.980419099966
0.444090909091
0.0940799969919
-0.0165866667687
-0.744736238905
1