
10.33
3.08

9.15
2.35
2.78
20.01
7.55
5.12
4.55
7.71


3.19
1.32
-0.12
-8.68

0.0889787664307
0.0355256841095
0.312448474856
0.305263157895
0.316710411199
0.405434782609
0.189504913777
-0.344320188346
0.0
0.168654610748
0.248844518395
0.0307167235495
-0.0908163265306
0.189504913777
0.435326086957
8.36585365854

0.171230616958
0.171230616958
0.143346084155
0.297716894977
0.15763546798
1.00275482094
0.522935779817
1.72413793103
1.1654676259
1.1654676259
0.41978021978
0.578792341679
0.126486278019
0.0135951489778
-0.141217857898
-1