23.88
13.72
9.16
14.81
9.41
5.68
7.58
26.37
10.71
8.78
6.62
9.86
9.77


1.53
0.91
38.35
62.2
0.674346869264
0.363248739732
-0.135000813258
0.412507383994
-0.733878694748
-0.875256581438
0.312538943405
0.122178842898
0.018691588785
0.388228884483
0.339722371968
0.677073516339
-0.5265
0.312538943405
0.237779549864
-0.549593756718

0.390346227565
0.390346227565
0.400218835066
0.363503832193
0.385856782496
0.320838518235
1.29519312265
0.23719740986
0.318939786599
0.318939786599
0.293809115428
0.304800893189
-0.0268423953724
0.00448944506972
0.525347040823
-1