19.42
12.59
7.8
11.81
8.72
4.75
6.45
26.85
10.12
8.11
5.93
7.82
6.29


1.46
1.03
40.18
67.18
0.0167419832307
0.0372713595692
0.0731462716503
-0.140336312793
0.939811827044
2.06322389967
0.0333592110801
0.0828375892089
0.0137614678899
-0.0523074966387
-0.0448900182481
0.122987342176
22.560718057
0.0333592110801
-0.199347096551
-0.0215997939269
-0.225170834057
0.0342958140458
0.0342958140458
0.0275852292128
0.0530323508684
0.102144428683
-0.0453227816912
0.419550538088
-0.119354459305
-0.136416607946
-0.136416607946
-0.073653166308
-0.0229012169614
0.0187365368225
-0.0678486146372
-0.0388504576045
1