24.97
5.18
3.51
6.75
1.64
0.95
3.7
24.76
6.43
4.01
3.42
8.97
7.39
1.31
16.31
6.84
67.09
35.72

3.33
1.61
1.12
0.24
14.04
16.33
413.63
8.340426
225.148936


33.404255
52.553191
237.914894
0.119047619048
0.63356346256
-0.149184149184
0.0149313962873
0.0445344129555
0.139884393064
-0.134174311927
-0.197580645161
0.282045402431
-0.110985277463
0.0
0.574684772066
84.2
0.100988700565

0.282045402431
0.115627822945
-0.0998116760829
0.552934813943
0.123116111229
0.123116111229
0.103687274744
0.186594202899
0.149738219895
0.422818791946
0.230769230769
0.441176470588
-0.0136054421769
-0.60447761194
-0.270161290323
0.292775665399
0.0634780916695
-0.0266221086662
0.108184714942
1