15.4
4.69
3.12
15.18
4.62
3.07
2.89
23.43
5.58
3.16
5.26
7.47
9.31

3.31
1.75
0.43
20.25
25.39
0.0490250696379
0.205056179775
0.077859939104
0.0801749271137
0.0260972716489
0.132467532468
0.09977827051
0.0652173913043
0.565602836879
0.0
-0.0400372439479
-0.0909090909091
0.0246020260492

0.0652173913043
0.138888888889
0.15812431843
0.469755845509
0.0243531202435
0.0243531202435
0.00445558340295
0.0952380952381
0.0552486187845
0.446601941748
-0.682926829268
1.1935483871
1.26153846154
-5.06060606061
1.61052631579
0.138528138528
0.0708849749946
-0.030895498541
-0.0535068188604
-1