6.96

0.16
4.42

0.1
3.68
13.41
3.93
-1.21
7.48

1.7



0.02
2.31
2.36
0.03920277858
-0.305571984157
-0.0499614154446

-0.0614735032649
0.698915397419
-0.044847777388
0.0564102227208
-0.0040404040404
-0.0484607047346
-0.047228555843
0.14799494536

-0.044847777388

-0.0514946983177
-0.0471818107604
-0.304986161316
-0.304986161316
-0.31308431972
-0.247708329483
-0.133190737105
-2.25853198422
0.306356221006
-0.217079359524
-0.24231561715
-0.130174258637
-0.299070682142
-0.560317445704
0.0572778318332
-0.171795424211
-0.255024745872
1