40.73
16.94
14.81
32.0
13.39
11.63
32.99
77.76
43.4
35.95
33.37
10.93
10.96

2.82
2.35
0.68
36.35
57.12
2.81026472731
-0.724041297935
-0.258038960334

0.25030747557
-0.380492718571
-0.615539186732
0.883988259565
-0.156812813699
0.0375
32.0028753707
142.946761531
0.258813547583
0.25233201581
0.883988259565

-0.430967409283
0.854881535172
0.191198888006
0.191198888006
0.240536483194
0.177800074703
0.306448607075
0.0567972939683
2.84625052367
-0.00775047258979
-0.00366046376625
0.514212543193
0.488207089405
0.10365023936
-0.0133988133029
-0.115249719069
0.44923784834
-1