38.06
36.71
29.64
20.05
19.55
15.61
41.09
78.73
47.21
40.81
28.05
6.32
9.77
0.88
82.56

51.62
9.15

3.02
3.67
3.67
20.29
77.87

7.15
214.294643
521.487723


562.987723

722.995536
-0.0724637681159
-0.14947879446
-0.450482389864
0.618108668386

-0.0775108418806
0.875825027798
1.11682430886
0.247778167291
0.304624560006
0.0
-0.126423049895
-0.097796027822
0.138890757595
0.108564654747
0.247778167291

0.92098326004
0.0177515930598
-0.0145273241504
-0.0145273241504
0.109947176217
-0.043507766551
0.101192807106
-0.147565897987
-1.54789915966
-0.132508347
-0.140512225248
22.5540288775
2.8235585901
-0.130436153649
-0.0289804424006
-0.115720131256
-0.632635992537
1