4.56
2.99
1.36
3.95
2.75
1.17
1.21
13.4
3.02
1.85
2.22
26.72
5.71


1.21
0.65
29.72
42.28
0.0799056029916
0.0463517634176
-0.388882884605
-0.35789288835
-0.328848274627
-0.151081499554
-0.119252972246
-0.0526626633776
0.00724684389359
0.0619125406894
0.000823963947732
-0.374875977354
-0.891714765715
-0.119252972246
-0.274484935326
-0.446969905939
-0.0299402405621
-0.320671556335
-0.320671556335
-0.325928107613
-0.284605750493
0.0243225294061
-0.751368070426
-0.225621414914
-0.816952209197
-0.810232285733
-0.750458009673
-0.610043892923
-0.661788940561
0.0360658058413
-0.344994085741
0.0682113282702
1