23.61
11.41
6.52
14.99
7.79
4.14
4.5
12.72
6.07
5.07
3.87
9.32
11.4
2.2
7.49
8.07
20.99
36.35


1.24
0.72
0.72
27.63
38.17
146.32
201.282201
4468.629977


852.538642
362.838407
3085.827869
0.0569306930693
0.0592971173663
0.0478075872078
0.399698199448
0.0640385771306
0.721499404384
0.87454226612
7.29299610895
0.181352866419
0.129142970578
0.48043786466
0.138774779592
0.187724435258
0.282662605614
12.8586906408
0.181352866419
0.0657146689504
1.25173913043
0.0313178710799
0.262907605323
0.262907605323
0.268588796295
0.225259650938
0.0702571993845
0.568474425019
-0.0804494189288
0.719878734517
0.759423613881
0.734670204821
0.488706034205
0.453304075235
-0.0376479543851
0.192650405939
-0.136790594125
-1