-16.43
-7.76
-7.32
-11.45
-5.16
-5.11
-24.05
88.09
74.52
-40.54
98.29
2.9
3.06


1.11
1.1
44.59
80.46
0.00660174946361
-0.0335683115139
0.300970873786
0.170731707317
0.129518072289
0.432748538012
-0.935135135135
0.0456627540796
-0.0904775202457
0.0
0.196688206785
1.10761904762
0.167922497309

0.0456627540796
0.0165745856354
-61.5
-0.366535026061
0.247896803141
0.247896803141
-0.156050955414
0.334240980259
2.05117270789
-2.69868173258
-2.54852320675
-2.81972789116
-3.16860465116
-1.82888888889
0.931978798587
0.366859027205
0.0863441771179
-1.80327590475
-0.0530740706456
-1