10.28
9.57
5.47
6.42
7.09
3.42
6.75
11.48

9.67



0.98
3.2
5.95
93.26
31.75


2.62
1.82
1.8
53.24

59.29
20.58545
304.880485


200.187644
103.322748
376.035797
0.192837465565
-0.0127035803749
0.0740364674384
0.306414119288
0.0556613202608
0.359996818674
0.707933338453
0.133010538308
0.108829002453
0.0846816577821
-0.957581573896
0.0237627651218
-0.00189493574396
0.408228366809
1.52355396541
0.108829002453
0.227324787907
0.250486553126

0.31130740119
0.31130740119
0.26476723893
0.83085148156
-0.253810677714
1.51393127892
0.177180387964
3.93822714681
4.08113287905
3.88528186006


0.51954408037
0.565118078904
0.00489328190204
-1