9.21
5.92
2.6
6.33
4.92
1.78
5.95
40.53
18.55
11.54
11.09
8.12
6.85


0.72
0.53
28.19
39.25
0.011467710881
-0.0122646861623
-0.115886305652
-0.163491612169
-0.199060336301
0.0453172205438
-0.00805221270619
0.012565820967
0.0
0.0229464582641
0.087093389297
-0.110724379776
-0.636655948553
-0.00805221270619
-0.0944431473266
-0.096889145719
-0.0882202238481
0.0597433408821
0.0597433408821
0.0783033881495
0.0336393421351
0.0578297595841
-0.0225191250943
0.0719336747135
-0.0972972972973
-0.0922708208508
0.138908575478
0.0665199315236
-0.00389424062308
-0.026103998747
0.00191358129799
0.175629646535
-1