29.54
18.6
12.51
69.59
38.54
29.47
9.3
27.76
13.67
8.76
26.83


1.58
3.55
25.77
12.34
7.3

0.54
2.26
1.91
0.99
42.35
73.47
100.92
47.596552
511.508276


161.123448
27.015862
380.442759
-0.408163265306
-0.559177721328
-0.855051182438
-0.712466582134
-0.901548555263
-0.850531883632
-0.286687279725
0.135452378961
-0.626396757295
0.831881444309
-0.275403949731
-0.755787414749
-0.999777749306
-0.785576740174
-0.854166666667
-0.626396757295
-0.815081264545
-0.606073246017

-0.372591133222
-0.372591133222
-0.384675807896
-0.338794269069
-0.311134036748
-0.391746305119
-1.12057310361
-0.0598051903821
-22.3674994809
-8.67593598036
-21.207779019
-0.142039925193
0.033796864153
-0.0614570964732
0.339875448913
-1