14.12
7.9
3.9
8.85
6.05
2.45
8.55
100.0
20.25
13.5
12.11
6.78
4.25
0.58
2.66
17.82
44.45
27.04


0.53
0.41
0.54
27.64
38.2
214.68
77.849819
910.319856


551.287365
95.110469
1994.250542
0.0251665433013
0.079150260949
0.0388614700036
0.125965497173
0.112524769603
1.30686701639
-0.409285336013
-0.115947702184
0.0842657946596
-0.0722834328039
0.00508905852417
0.00528335841918
-0.187254804558
0.828793278627
9.9129772446
0.0842657946596
2.33657548126
5.32769920662
-0.101363184773
0.0506083029182
0.0506083029182

0.0506083029182
0.0288782575307
0.215021450037
0.144550023847
0.259911894273
0.270910492377
0.270910492377
0.125849888648
0.147316051558
0.0
0.0217300453875
-0.0753571942545
1