8.54
5.64
2.65
5.1
4.44
1.58
5.6
100.0
16.39
9.74
9.99
10.79
7.41


0.96
0.54
31.0
44.93
0.0194320790068
0.0586500899443
-0.143604482397
0.479364691509
-0.341812944273
-0.282794500186
-0.00186052092086
0.00715394680642
0.00558659217877
0.109817169245
0.260707739785
-0.343152976859
-0.950829311943
-0.00186052092086
1.97678283164
-0.905888491085

-0.0283911644864
-0.0283911644864

-0.0283911644864
0.00840428144873
-0.273830281417
-0.0957745936369
-0.366231248189
-0.391001998473
-0.362671733903
-0.154429339707
-0.179885509333
0.0
-0.0367954459351
0.11521331791
1