75.57
29.43
21.89
76.75
29.82
22.23
51.59
100.0
18.12
10.15
60.37


0.49
1.26
27.97
28.84
29.49


1.13
1.02
0.51
28.97
40.78
207.33
399.753915
774.786726


528.959732
26.307979
1826.15138
-0.150190114068
0.0250837558192
0.0134074065909
-0.131424395728
0.40073903699
0.262779480023
-0.245251956413
0.123493380755
-0.00324806286426
-2.21057050846
-0.994616317865
1.34744509851

-0.860177843004
-0.920186470856
-0.00324806286426
0.753865274671
-1.02200766726

0.0261467731342
0.0261467731342

0.0261467731342
0.00861733666387
0.212769873129
-3.7157451961
-8.48387547117
-8.57689083848
-5.2312349421
-14.6309133184
0.110236452621
0.0
0.0175294364704
0.157571168862
-1