9.07
6.1
2.8
5.64
4.84
1.74
8.51
31.37
24.25
14.78
14.76
5.17
2.98

0.62
1.69
0.58
30.87
44.66
0.150786255096
0.0824109304739
0.149645618557
-0.162661737523
0.24191191818
0.280815972222
0.150483360424
0.046772566818
-0.370927318296
0.230143786375
0.114820950682
0.121743753323
-0.189141856392
0.150483360424
-0.438888888889
0.192559280458
-0.0885605594903
-0.0115058087578
-0.0115058087578
0.140897989855
-0.235050978231
0.0367231638418
-0.408947130592
0.0202205882353
-0.54883163571
-0.494155154091
-0.485148514851
-0.243775332947
-0.291982843946
-0.223545169473
-0.0482289725996
-0.161151427315
-1