44.06
31.58
23.27
28.87
20.99
15.25
13.51
84.2
16.05
14.12
10.78
7.32
10.01

0.81
1.95
2.3
52.82

0.144192776719
0.685089974293
0.250287770423
0.083417722717
0.34600441438
0.491075326647
0.192097257128
0.254366001485
0.0
0.0905198613703
0.0982009428744
0.168649979483
-0.212853107345
0.192097257128
-0.050358663323
0.34928730906
0.0720023398438
0.15491511264
0.15491511264
0.12919441241
0.159871327318
0.125100645068
0.370020891585
-0.454225148732
0.471138856608
0.514285714286
0.514285714286
0.398547849213
0.318787191839
0.00495621467814
0.0298144675714
-0.0953726577831
1