33.54

17.47
20.88

10.87
10.07
85.12
13.0
10.43
8.84


2.27

11.88
5.09
6.18

0.64
1.91
1.3
2.15
52.09

54.12
13.216778
131.214444


39.403111
10.645111
75.651778
0.666666666667
0.0917548361395
0.0985740612461
0.148332954473
0.136326222649
0.0389861119761
0.165358152629
0.29405054332
0.116655213641
0.197125235879
0.0
0.0161544329339
-0.0694644350834
0.0669634576145
0.443203883495
0.116655213641
0.222810756998
0.252953552355

0.0378481083855
0.0378481083855
0.076247160326
0.0314133761837
0.039173226955
-0.0209607264689
0.153123272526
-0.0261173561703
-0.0468754023225
-0.0468754023225
-0.0108075852009
-0.0008850766958
-0.00643473220179
-0.00132511856941
-0.110484846088
-1