9.28

4.66
7.61

3.82
5.69
24.08
10.54
6.87
8.34
13.89
12.38
0.88

10.65
24.7
23.93


2.39
1.34
1.18
50.18

84.78
177.431706
3116.10828


1912.738854
299.2661
3812.026185
0.0246555474982
0.100726889465
0.0525926987553
0.278729691215
0.0662374596168
0.426143901944
0.657723486952
1.92102377189
0.128117674237
0.0876196393676
0.0722771821579
0.174024360427
0.167991348245
0.160809909256
0.0805194805195
0.128117674237
0.102929055816
0.379611834379
0.330958755153
0.141910867869
0.141910867869
0.158600527514
0.0923008609774
0.0865450112932
0.106986052774
0.367607491427
0.0650153352081
0.062679266259
0.0730493308637
0.0945328224472
0.112568822299
-0.0496100068913
0.0553658565756
-0.136818823347
-1