15.1
15.22
11.66
9.41
9.54
7.27
7.78
19.13
8.1
7.85
5.1
13.6

1.94
110.71
3.9
0.92
20.5


2.9
1.21

77.26

0.07
75.072694
965.500181


497.214828
195.300904
643.575045
-0.0201984408221
0.201623007116
0.218043276511
-0.331909260519
0.235850860076
-0.022884283247
-0.597506938206
-0.597506938206
-0.21263850843
-0.210055424868
0.0
-0.989059175496
-1.0
-0.0548468969651

-0.21263850843
0.24803725574
-0.421033524939
0.0482683134025
-0.12682832854
-0.125823993751
-0.111918039645
-0.184700003193
0.0109728180238
-0.362198634683
-0.686183446674
-0.35613986656
-0.371762821291
-0.371762821291
-0.361873323705
-0.356122555372
-0.0588760094419
-0.136796811775
0.206085266768
1