12.19
10.69
7.96
7.34
6.76
4.8
4.51
14.72
5.56
4.88
3.4
7.51
5.38
2.19
13.26
6.82
1.12
15.04


4.16
2.83
4.29
65.32

23.28
58.859402
1305.492091


482.878383
140.963093
739.274517
-0.309298373392
-0.134999696815
-0.218246922348
-0.0166461586054
-0.485080201364
0.0680792261631
0.727834160633
0.727834160633
-0.0415509183309
0.216415273935
0.0
-0.290299388442
-0.265101315831
-0.333290472323

-0.0415509183309
-0.517310108757
0.157322561866
-0.329523529449
-0.279708596274
-0.280017008029
-0.247659929649
-0.422276275178
-0.0697499879154
-0.672692541241
-0.0126527366062
-0.689613627307
-0.697887439925
-0.697887439925
-0.640392488696
-0.638064280855
-0.142259267149
-0.210267020114
-0.263370849424
1