17.62
13.63
9.54
11.69
9.49
6.33
9.46
25.93
17.39
9.42
14.25




1.77
2.32
54.18

0.0968094357281
0.020313972682
0.423861223075
3.65103082049
0.278245976084
-0.0883185761158
0.56772540373
0.207284936267
0.179741086223
1.0743609605
0.186209555139
0.22386967898
0.304648682854

0.207284936267
0.653485485338
0.61543821325

0.279886334069
0.279886334069
0.269221067371
0.311368540487
0.234100540589
0.472958161092
-1.12954777287
0.550317614037
0.555334987593
0.555334987593
0.343413363042
0.341349829707
0.0314822064182
0.0457857934795
-0.143974889006
1