-705.27
-151.33
-60.63
-156.81
-32.51
-13.48


41.83
40.68

5.39
4.28
0.85
23.63


570.23


0.34
0.34
0.28
8.6
9.4
361.59

1966.37037
46.34
911.195767
501.801587

5837.100529
-0.0825242718447
-0.0564310643798
-0.146771424799
2.16216329233


2.16216329233
-0.0942348562092
0.102656261244
-1.85775721728

-0.141565661876
-0.147047480092
-0.0648509105013

0.102656261244

-0.314555043538
0.572896222272
0.229827394504
0.213018254241
0.285907859079
0.230437002681
0.355291925129
0.08226056396
-0.138111893624
-0.176038098781
-0.173218885152
-0.417486623475
-0.426757204031
0.0869890477139
0.0174187484401
-0.142273670888
-1.94914503809
1