8.66
6.29
2.77
4.42
4.5
1.41
1.92
27.18
4.84
3.42
2.4
12.17
9.81
1.91
2.49
8.37
22.59
40.06


1.37
0.67
0.74
31.94
46.94
137.34
6.87512
358.62828


79.42576
25.45256
248.64192
0.0416666666667
-0.0487031109955
0.0825108087665
0.0797070516758
-0.0386552661565
-0.0628344473248
1.03679010716
2.90689492784
-0.00894335619315
0.144015684928
0.0442316323712
-0.0836582560444
-0.0122498857366
-0.0374123448209
-0.626587810279
-0.00894335619315
-0.120336871908
0.60560947408

-0.0209609223317
-0.0209609223317
-0.0412028058911
0.0377305544378
-0.0889143348742
30.5977094511
1.84025957555
-5.5692790302
-3.65529581381
-2.12213974917
1.95179782207
1.69873847436
0.0586914767695
0.0679534125425
-0.100667974008
1