28.79
18.18
13.59
19.21
12.56
9.07
11.92
21.25
15.75
12.7
11.0


1.42
13.99
4.24
63.83
39.59


2.53
1.15
1.42
47.21
89.43
70.99
34.856188
292.520244


121.081742
88.624332
256.46906
0.330284552846
0.36253982521
0.365566566818
0.525203132468
0.720128678661
0.373631709933
0.129938193516
-0.225025329281
0.438361974782
0.196142061492
0.0161290322581
1.11908832721
1.31247304284
0.36091281148
16.1096491228
0.438361974782
0.637831599159
0.656165085029

0.577360526955
0.577360526955
0.557097637864
0.657291698494
0.292618854807
1.04551284747
0.898865784499
1.05599990988
1.05203665645
1.05203665645
0.767351861563
0.840256590188
0.0799311715383
0.284741672149
0.0521573944873
1