2.34
2.15
1.01
3.4
2.69
1.46
1.91
28.58
14.1
9.45
7.42
5.19
5.8

1.64
2.92
1.04
42.97
75.35
1.03277619178
0.883314200033
0.305362741433
1.09456960409
0.364628694561
-0.129527917911
-0.270723445258
0.62115362485
-0.00152168850826
0.042345276873
3.73134340223
6.36852222222
0.57751016446
-0.557833333333
0.62115362485
0.913528948979
0.197713970904
0.22024391934
0.265649991727
0.265649991727
0.260871845923
0.277748916727
0.342060896872
0.164751550268
6.33500353311
-0.730298653497
-0.398150890431
-0.496113896419
-0.182310836958
0.206489925529
0.0120989249998
-0.0764109051449
-0.0397127497061
-1