9.0
7.39
3.83
5.75
5.97
2.45
36.22
100.0
91.11
66.3
47.95


0.11
2.09

49.36



0.66
0.66
0.78
42.56
74.1
128.47
2333.764706
6443.235294




60943.647059
-0.0555555555556
0.238878636726
0.273352208121
-0.208661910126

0.263715920565
-0.673259951999
-0.673259951999
0.226183882253
-0.00449727386637
-0.284582589157
0.551945668135
0.553406235254
-0.226251318245

0.226183882253

-0.258644536653

0.259428321759
0.36681673501

0.259428321759
0.402211078186
0.19746084089
-0.297188926332
1.88244696309
1.78879664947
-1.69058967724
-3.93895820511
0.255459668897
-0.107388413251
-0.0353943431757
0.575478645136
1