12.52
9.27
4.96
9.83
8.18
3.89
42.99
100.0
95.97
72.31
57.44
13.21
16.61


1.54
0.69
39.6
65.56
0.104585104751
0.256010471129
1.7376884952

2.40884272207
-0.815349544073
-0.815349544073
0.134481034553
0.0555876836689
0.00227904167506
0.193735050354
0.194112276129
0.177151044943

0.134481034553

-2.89054726368

0.237166202584
0.331081506346

0.237166202584
0.0167438836056
0.349186241842
0.205814518087
0.468266370923
0.499235699536
0.805324393611
0.481952482486
0.303179390575
-0.0939153037627
0.314337622741
-1.40660698886
1