
8.26
-0.84

8.77
-0.5
-0.43
21.93
6.89
3.5
3.14



1.61
1.38
-0.05
-3.52

-0.256420233463
-0.147482014388
-0.0472934472934
-0.288306451613
0.985915492958
-0.34
-0.171560693642
-1.24803149606
0.0238095238095
0.0146222583266
-0.028650137741
-0.106273062731
-0.5
-0.171560693642
-0.0381282495667
0.1525

0.101950214048
0.101950214048
0.128770542958
0.016
-0.168181818182
-7.075
0.258064516129
-0.88326848249
-0.893700787402
-0.926229508197
18.8181818182
1.22790697674
-0.0859502140479
0.27013203223
0.149243661341
1