24.73
9.61
3.48
-2.3
4.97
-0.32
2.51
18.2
9.36
6.31
2.81
4.95
12.74

0.89
2.41
0.21
14.07
16.37
1.0718537415
0.844611528822
-0.231801545344
1.04600484262
0.651821862348
-0.630082456639
0.38904494382
0.189958734525
-0.0137763371151
0.0222222222222
0.223473003961
0.140986132512
0.263115415658
0.333333333333
0.189958734525
1.46167247387
-0.398477847241
-0.2237589981
0.536522962773
0.536522962773
0.546513458209
0.493169398907
0.449746192893
0.582463465553
2.1301369863
-0.0960960960961
-0.857508532423
-1.02666666667
-0.732594936709
0.621933621934
-0.0433535638663
0.08677676988
0.768324508117
1