15.66

8.52
8.68

4.72
5.54
32.27
8.57
7.04
4.6
5.33
5.72


2.7
1.68
54.38

0.00902177154787
0.258814217873
0.114522687367

0.300733160825
0.225267450482
0.0446345014038
0.131997471948
0.0157068062827
-0.0781091311975
-0.0735764790712
0.052868634817

0.0446345014038

0.154197623056
-0.185982462186
0.0897034451144
0.0897034451144
0.143387042586
-0.00804185544553
-0.101084863787
0.576879869542
-0.138868274583
1.03574189712
1.03497103626
1.03497103626
-0.0794607557197
0.077730964157
-0.09774530056
0.190788308901
-0.0248192422527
-1