3.88

2.56
2.08

1.37
2.11
32.73
5.11
3.65
2.59
14.56
6.14


2.95
2.67
65.99

-0.0305568843412
-0.107287796513
-0.349156664801

-0.336593673233
-0.438654881027
-0.145297996765
0.037283652306
-0.0644329896907
-0.346350294673
-0.381215601248
-0.403074853823

-0.145297996765

-0.317505921572
0.0993359012523
-0.325932194066
-0.325932194066
-0.330521593303
-0.316300336916
-0.223166305421
-0.650066645218
-0.306043304966
-0.74336128071
-0.751871375857
-0.751871375857
-0.620432303035
-0.597695939566
0.00963185714952
-0.102765888645
0.0232244707351
-1