5.3
5.95
2.56
6.08
6.35
2.93
27.68

78.11
55.53
54.31
13.64
11.11
0.1
1.71

97.0



0.78
0.78
1.07
48.21
93.07
93.35
2314.4
8361.0




90564.2

0.00739180066801
-0.0399220957569
0.267517610296

0.0103148264418
0.638385928608
0.638385928608
0.0184380924963
0.218223827037
0.267659650375
-0.0750192927505
-0.0806797703755
-0.318449612403

0.0184380924963

-0.739617039096
0.0209789464969
0.110948711135
0.110948711135
-0.823170731707
0.106895274382
0.116113175878
0.0996115953013
-0.148530057043
0.555794568432
0.555794568432
0.425316999785
0.263735040356
0.0968392059387
-0.00405343675256
-0.00516446474346
-0.156568899161
1