17.7
10.87
7.55
20.22
11.96
8.63
95.54
97.9
81.36
60.1

16.34
6.41


5.58
0.77
42.68
74.46
0.287730990402
0.323606666615
0.189708202947

0.178320769431
0.271561553703
0.27664459455
0.158218609945
0.00542476970317
0.390353927075
0.360961832426
0.171684535174

0.27664459455

0.193721386527

0.287919722115
0.287919722115
1.27922077922
0.275994062964
0.30292385577
0.25962444263
3.95599329422
0.741329400841
0.741329400841
0.71170112782
0.643539675945
0.285416666667
-0.0119256591512
-0.0150041336552
0.0982115191676
-1