21.61
14.26
9.61
16.88
11.83
7.51
9.98
17.8
13.37
10.79
10.38
7.83
4.87


1.03
1.06
44.47
80.08
0.769723823778
0.453108001922
4.00814899366
26.2433658738
2.66603233846
2.95378083625
-0.510280807612
0.947061951146
1.85879499314
1.85358716526
0.451945142126
0.800356042244
0.962096269569
4.43801276208
0.947061951146
2.20506052175
-1.10907474358

5.73100132965
5.73100132965
17.5389514571
0.708064196071
0.40170565261
0.990949027916
-0.632838449684
2.10478072738
2.03866709441
1.71489130355
1.21308464229
0.847426030842
-5.02293713358
5.32929567704
1.72285233599
-1