14.93
11.65
6.17
10.84
9.4
4.48
5.63
13.2
8.76
6.76
6.09
11.12
10.5
1.46
2.87
27.36
33.82
35.37


0.65
0.49
1.22
41.31
70.39
88.97
383.05098
6804.627451


2566.13098
219.584314
6211.843137
0.00157109190888
-0.0306280711926
-0.115947264398
0.160312242252
0.457632649309
0.304987712824
-0.436370842681
-0.715011107585
-0.00416923427239
0.0889874313437
0.0789821228847
-0.0783549952145
-0.0852256097086
-0.0357404872921
-0.0954449836026
-0.00416923427239
0.892584330427
-0.264330775554
0.151492628291
0.340012674355
0.340012674355
0.406307035749
0.0228321884183
-0.024695518557
0.0726287133966
-0.010350229949
0.0909671697936
0.0888052559903
0.0491277908474
0.0521320689703
0.0693237170378
-0.317180485937
0.364708192912
0.179700432104
1