32.6
11.4
6.95
13.82
6.47
2.95
6.06
14.45
8.23
6.25
4.55
8.88
5.19


1.6
0.36
21.33
27.11
0.317911582048
0.212980884662
-0.177292841068
0.015142754004
-0.0804828756507
11.5575489577
0.115910997591
0.234684138298
0.113888888889
0.869775657056
0.991460275583
-0.534248374378
1.77406049496
0.115910997591
-0.11874319302
-4.01483514227

-0.0596316097136
-0.0596316097136
-0.100522698913
0.286835446443
0.215239441914
0.394395669126
-1.20948748467
0.118903029261
0.311372002342
-0.439548436085
-0.257670846468
0.366294929117
0.346467056157
-0.274871051628
0.117661231355
-1