19.89
10.94
6.03
17.78
10.2
5.38
21.64
70.16
48.69
36.48
31.55


0.32
2.96
96.79
41.65
23.87


0.4
0.38
0.54
30.29
43.45
185.79
330.366594
1526.993492


1660.713666
91.21692
5483.223427
-0.0724346076459
-0.00336155414838
-0.0384325371686
0.180198999037
0.28634594977
0.181648048745
0.163805821605
0.268098881695
0.00519984570663
-0.0300823225656
-0.0161647779346
-0.130931866303
-0.153524062202
2.74932029469
-0.57198595396
0.00519984570663
-0.0416818596171
-8.80852287983

0.192351405782
0.192351405782
0.880685734748
0.0317206974208
0.0523806776065
0.0133512244213
-0.0266379695886
0.042736739766
0.0396392304908
0.0167854421586
0.00828881010636
0.00871648186077
-0.160630708362
0.139970728176
0.0121524067458
1