38.05
11.85
6.05
14.94
6.45
2.38
4.92
11.98
7.17
5.66
3.44
7.8
6.4
1.81
3.46
18.81
28.19
25.02


0.8
0.6
0.3
15.91
18.92
333.42
167.553353
3407.303458


440.35639
211.198861
2768.043442
0.0410537870472
0.201946746211
0.242693596657
0.144377641688
0.0209232173547
-0.265731668535
2.23942300485
25.6976184245
0.186586662091
0.0603572422394
0.00412881915772
0.101926096661
-0.0243093432432
0.455325684751
-0.718903916724
0.186586662091
-0.11258859671
-12.6915253266
-0.0465254192258
0.198852613714
0.198852613714
0.218953715622
0.069288130874
0.0316986600962
0.114611385831
-0.128823857828
0.163788216787
0.205466554244
0.0229174113951
0.0430693301557
0.104918185997
-0.12956448284
0.167153953617
0.0544749720259
-1