-13.08
-11.02
-10.56
-1.98
-1.26
-1.6
-86.61
51.95
-69.3
-82.88
0.49



40.57
5.3
7.28
80.73

5.35117825364
1.06952491309
0.735119877335
-0.187785422883
1.53148078178
2.96958259325
1.94798705136
2.76714111427
-0.0463560001394
22.8453608247

-0.319613029458
-0.403880190606
1.94798705136
-0.0370642201835
1.71218071359
0.455910411279
-0.0180739804871
-0.0180739804871
0.200803930326
-0.159720215041
0.326710040443
1.08234554598
0.236966824645
1.02278797997
-0.592459454941
-0.830069605568
-1.00716883117
1.19431869624
-0.141646234554
-0.34478402093
-0.753193857822
-1