11.6
11.04
6.88
7.13
7.65
4.23
6.56
19.86
9.58
7.58
6.04



0.9
2.41
3.14
59.27

-0.0589123419876
0.029896336917
0.0764473788685
0.401105786952
0.230042150977
0.265688742988
0.00771596587117
0.00435543152392
0.0416666666667
-0.0156122377541
-0.0149250243427
0.0383931165969
-0.527950310559
0.00771596587117
0.026816824761
0.105258074383

0.0398618210331
0.0398618210331
0.0208431876793
0.124391854883
0.195377947632
0.0256696643494
-0.171768511032
0.0651691625069
-0.859079722574
-0.859079722574
-0.80362273579
0.00646954235085
0.0845300338498
-0.155516126598
-0.0365855578354
1