8.51
7.19
3.23
7.82
6.87
2.97
13.95
50.24
38.55
23.03
28.33
16.45
17.94

1.11
1.17
0.86
38.0
61.28
0.220875614423
0.279109033997
0.488641523791
0.417113323124
0.599422792424
0.655041397301
0.268591986703
1.41850333866
0.225806451613
-0.156352382917
-0.204462210731
0.647563041173
1.21166904183
0.268591986703
-0.0605557233464
-0.0597279877649

0.130025379004
0.130025379004
0.165528713009
0.0969260997353
0.234892080261
-0.0309971991425
-0.520751531333
1.89192939181
2.75636846553
1.26968439085
0.548412666152
0.058529213552
-0.033099279269
-0.104866701256
-0.358616144786
-1