3.93

1.91
4.43

2.15
8.21
43.27
31.2
14.69
25.76
26.18
35.71

1.24
1.15
1.21
48.48
94.1
0.205524735425
0.232279831157
-0.304066086268
0.392948804539
0.25606555621
-0.435867109433
-0.479904060305
0.0989628498184
0.402203750505
0.0789473684211
-0.00158467753769
-0.172972859269
-0.296267828577
-0.500913467005
0.0989628498184
-1.76804372287
-0.351215545035
0.41687835163
0.100328329683
0.100328329683
0.254399139226
-0.0522930483183
0.155816114573
-0.298201136804
-0.215066978002
-0.352293626889
-0.277559940863
-0.205271866926
0.000590667454223
-0.109495881002
-0.152621378001
-0.0554877848899
0.404394415951
1