-229.18
-31.09
-24.71
-213.73
-28.54
-23.05
-22.43
14.82
6.63
-18.65
4.36
10.95
2.56
1.69
-4.63
6.65
38.64
38.09

1.38
1.29
0.82
0.2
10.78
12.09
505.04
-95.788618
427.081301


41.796748
64.853659
387.642276
-0.121428571429
-0.331958972793
-0.0950805206265
-0.00427429845754
-0.16132115548
-0.434956905191
2.70751173709
5.01360544218
-0.215982898956
-0.629770992366
0.285714285714
-0.196426912716
-0.24521544488
0.133542919628
-0.985751295337
-0.215982898956
-0.386148518661
-0.296865931515
0.0391919115304
-0.236212687381
-0.236212687381
-0.205909494232
-0.373621952201
1.81129058052
-2.58649173955
-0.0697565543071
-3.91778107974
-5.1245576787
-14.8562421185
0.0320252593595
-0.541853119242
-0.13740926482
-2.0475032679
-0.231938388923
1