46.28
7.39
1.77
-13.74
4.31
-0.53
2.48
24.35
13.86
7.09
6.03
8.55
17.8
0.96
1.35
6.7
56.36
48.19

0.73
1.03
0.61
0.05
3.83
3.98

5.896429
237.514286


12.739286
40.821429
332.882143
-0.00709219858156
-0.0485530768699
-0.0881839809675
0.0658984357885
0.0549766056997
0.0346849532896
0.190050640453
-0.144388609715
-0.0211199563108
-0.507252382926
0.0
-0.0541427752294
-0.0596369577779
0.298479609199
0.287301587302
-0.0211199563108
0.0357013410656
-0.854474370113

0.0440024489411
0.0611945299909
0.0874997298057
-0.0713958022709
-0.293878806521
2.98562975486
-0.0583896742471
-1.79719942057
-1.06780238501
-0.915531804861
-4.30041152263
0.597330559889
-0.132590332262
0.355073336512
-0.00470390579755
1