23.91

9.27
13.43

5.21
2.27
10.23
2.8
2.5
1.58
9.42
27.94
6.53

10.67
25.91
25.5


1.97
0.95
1.64
38.79
63.38
60.9
31.080377
1366.648491


130.009623
129.689434
335.130189
0.104166666667
0.0921259953624
0.0643162422717
0.189532645194
0.175020461274
0.180997063994
0.335194861224
-0.241366041366
0.162425728222
0.121577123473
0.0138596662915
0.262962104636
0.265609751801
0.148135407224

0.162425728222
0.254121691152
0.235693161026
-0.0483286591547
0.081952816869
0.081952816869
0.0746633231891
0.150415470756
0.11313435089
0.283731469445
-0.308838776568
0.400338340432
0.417946814916
0.279755483639
0.309852870512
0.300222605706
0.0684626538866
-0.0311815340213
-0.107579828325
1