13.98
6.53
2.46
10.47
5.72
1.84
3.23
25.86
17.11
11.32
8.21
7.38
6.93

0.87
1.38
0.3
17.62
21.39
0.0719838027405
0.0247202902933
0.144107661472
-0.110555277639
-0.00586569579288
1.02673093777
0.868974042027
0.0940888861029
0.477993465308
0.111111111111
0.0450877833191
0.108050198959
0.0153247142215
1.74725274725
0.0940888861029
-0.11138161899
0.728590847304
0.11951670848
-0.117771883289
-0.117771883289
-0.110550045086
-0.137844611529
-0.033966033966
-0.24245472837
-0.0375670840787
-0.505747126437
-0.413333333333
-0.356
-0.22
-0.211911357341
-0.0200727282397
-0.0838058493231
-0.261879544761
-1