28.58
15.8
11.01
19.07
11.26
7.35
12.66
50.71
18.78
15.15
12.07
10.7
25.39
1.08
7.65
5.22
86.38
28.1

2.79
2.89
2.03
0.92
38.53
62.68
109.44
30.712736
242.608019


107.475
85.784151
278.938302
-0.00934579439252
0.176547367772
0.0906152327685
0.0331566002252
0.0456235537164
0.119127373761
-0.0581542611441
0.0248941395282
0.0915149846097
0.0741409823298
0.0
0.523853171661
0.262782902377
-0.310298129033
0.836250705816
0.0915149846097
0.083248057315
0.402343361488
-0.0213712603826
0.143001593401
0.143001593401
0.155970606581
0.130670847015
0.0998020197355
0.21038898915
0.0440659197499
0.249592175919
0.704189118175
0.704189118175
0.40189819121
0.160994821045
-0.0123307463859
0.0431995736651
0.109844993175
-1