-2.27
0.66
-0.69
-1.84
0.81
-0.56
-11.6
54.66
38.57
8.64
20.54
34.11
5.64
0.07
0.41


333.74


0.71
0.71
0.54
30.34
43.55
186.54
-43.132812
371.875


1900.398438

6264.382813
-0.011583011583
-0.0139917505756
-0.00864298750927
0.088774483352


0.088774483352
-0.0496207179785
-0.005250144838
0.0712481696375
0.772630090693
-0.0638176497106
-0.0928403893515
0.111566479689

-0.005250144838

0.17228049728
-0.0963057352165
-0.0343848260473
-0.0343848260473
-0.0387493319081
-0.030734269642
-0.147869381722
2.6236227413
0.217468242432
-0.185332743102
-0.185365493841
-0.4547948546
-0.0558211405669
-0.067621441812
0.00365055640527
0.113484555675
-0.123159309399
-1