1.65
3.73
0.79
1.55
3.67
0.74
1.3
26.23
20.36
5.22
16.37
5.81
5.19


2.35
1.3
47.94
92.08
0.0916512044171
0.0610615381883
-0.0628830888396
0.0460302238683
-0.131323627278
-0.368518497023
0.0309906114189
0.0235789423057
0.0245372818614
-0.0147714076814
-0.054118798146
0.192445498587
1.0
0.0309906114189
-0.0968135485548
-0.19147739728
0.489167360463
-0.0927068044278
-0.0927068044278
0.0652307338218
-0.359661805992
-0.365385386831
-0.335552551538
-0.000508302270417
-0.668790023593
-0.592265047518
-0.592265047518
-0.48648952704
-0.445482201186
-0.266955001564
0.272678582403
-0.0298237155882
-1