-12.01
-4.6
-5.38
-9.26
-2.99
-4.15
-9.53
39.1
34.88
-6.21
33.74
5.11
3.71


1.29
1.41
44.78
81.09
-0.0637643681648
-0.118040009949
-0.0013881192207
0.173149998041
0.0894451511657
-0.114571803798
0.902918473294
-0.0457485161488
-0.0742920860154
0.00572253441254
-0.244920045638
-0.268761581558
0.630749216891
11.1435833333
-0.0457485161488
0.589978918925
-0.575844779401
0.285029265513
0.0412009553054
0.0412009553054
-0.112744494757
0.42670712073
1.17444265847
-1.94528565411
-0.322272483781
-6.68552803129
2.44336415556
2.48876287947
1.30374170967
0.495575663338
0.385506165425
-1.13324170316
0.0425890745261
1