26.13
17.52
12.97
19.23
13.65
9.55
21.35
43.77
42.28
29.18
28.82
4.18
11.37


2.6
1.28
49.65
98.61
0.291363942391
0.345406029765
0.0176620252288
0.6176
0.483690670084
-0.304928633389
-0.612410796594
0.194924891906
0.164724819701
0.0237650933041
0.228575458641
0.0739385732676
0.218609854469

0.194924891906
0.681297212816
-0.0772843822303
0.436073665319
0.116190200107
0.116190200107
0.0526934495718
0.209937122322
0.0220146978595
0.332507709697
0.97914333166
0.18994337293
0.26929627527
0.26929627527
0.255183105339
0.301934185027
0.0937469222148
0.0941755022479
0.0985281748787
-1