8.92

8.21
8.02

7.39
16.04
33.39
19.45
15.44
18.45
9.38
23.66


13.06
58.93
92.13

-0.0506221719457
-0.0793816757898
0.0710299282767
0.12138241079
0.413007622699
0.0354647107499
0.0556872353458
0.0473931479124
0.0689495416102
0.00341963849536
-0.292721518987

-0.10886930742

0.0473931479124
0.358911896062
0.0892611988566
2.32775968615
-0.121842228909
-0.121842228909
-0.214220007923
0.147229664978
-0.135498903509
0.851204695925
-0.756310234052
0.482666105529
0.369720211732
-0.275457142857
-0.305480567339
0.298347578348
0.269071893887
0.0136566745997
-0.192872157186
1