25.09
10.83
8.22
17.37
7.99
5.69
17.43
25.69
22.6
16.6
18.07
8.31
5.49
0.53
5.49
17.77
42.06
33.54


1.65
1.4
0.58
32.78
48.77
173.66
165.783133
951.313253


660.855422
76.060241
2016.024096
0.152777777778
0.633225856346
0.524999661159
0.0161246704077
0.358190709046
0.659769701331
-0.210196607556
-0.383029647931
0.472573505469
0.176883300792
0.0
0.816293098464
1.42219595094
0.204796194755
1.34027777778
0.472573505469
0.512095808383
-0.181585323641
-0.207373194727
0.18411265409
0.18411265409
0.225264169068
0.0792721855714
0.0597609561753
0.0902737332557
-2.03797468354
0.208395538772
0.227636363636
0.239656518345
0.191135965278
0.0939683707245
-0.104840468518
0.124351697914
0.167987983682
-1