14.72
8.07
4.08
10.42
6.63
2.89
8.2
22.41
20.59
12.94
13.46
21.06
51.3


0.84
0.5
27.72
38.34
-0.053154622003
0.0878051761634
0.0107530862484
0.304525674071
-0.199244440843
0.0207976688185
-0.861260416954
-0.0444453974204
0.0774735880636
0.0127531882971
-0.144808085824
-0.0133829989548
0.182941593483
0.40355274288
-0.0444453974204
-0.167316692668
7.42880789328
0.444567162712
0.11673948999
0.11673948999
0.13661679943
0.052976004986
0.149101635827
-0.0077992539844
1.04095238095
-0.234942244224
-0.225942156004
-0.562843349426
-0.311899649678
0.0657894736842
-0.0637634850039
-0.0323621458374
0.105986403742
1