-12.23

-2.29
-16.66

-3.12
-15.59
62.03
52.92
12.48
19.2
12.04
5.52


0.84
0.24
18.7
23.01
-0.0495265690554
-0.0438692239176
-0.257997327201

-0.0220956496121
-0.485009568361
-0.485009568361
-0.0551482297588
-0.168043003456
0.00434735550906
-0.0236194344711
-0.0283558275097
-0.0571220316876

-0.0551482297588

-3.49156031289
-0.0890342281643
0.00222036018655
-0.00116450124887
0.0357272918943
-0.0172369016614
-0.0224408139127
0.00397348499115
-0.0670199768092
-0.11702057111
-0.11702057111
0.726390316318
-0.343825297588
-0.0198382234945
-0.0160724004125
0.0212763126638
0.256832825952
1