16.48
14.72
5.25
10.38
11.11
3.31
1.98
15.21
3.32
2.93
1.64


4.95
2.94
8.35
15.0
7.47


1.15
0.46
1.46
31.88
46.79
68.69
13.682101
692.241884


83.024058
97.423406
260.447319
0.0615384615385
0.0140039623731
0.110550926395
0.0203526946712
-0.0306452828623
0.16352206772
0.0523179675223
-0.619611840149
0.0173720512421
0.0657625100578
0.0
0.0390816365775
0.00305600826531
-0.0227700532186
-0.687604469077
0.0173720512421
0.0245888896171
0.451334545668

0.138878646107
0.138878646107
0.135608948822
0.157456855897
0.159523767165
0.148870476363
0.367028707918
0.066818466893
0.0824021592443
0.0652358824214
0.055946559317
0.133092073064
0.0185782097901
-0.020645121058
0.118525951436
1