9.43
5.08
2.74
5.93
3.92
1.72
6.87
97.11
16.15
8.91
11.56
9.92
6.72


0.77
0.5
29.08
41.01
0.0587911656056
0.0712889352274
-0.180990324417
0.047619047619
-0.37417218543
4.45
0.0296961325967
0.0250591016548
0.0
0.0307583106589
0.0290497291974
0.0356149137451
0.44578313253
0.0296961325967

9.55
0.0884047897545
-0.154567410143
-0.154567410143
0.228571428571
-0.162342368459
-0.172343109429
-0.048473967684
-0.702702702703
1.72666666667
0.870503597122
7.03125
0.618823529412
0.0115789473684
-0.00777495831571
0.0177756992857
0.0264229142731
1