12.99
6.59
3.45
8.31
5.16
2.21
5.57
93.52
12.9
8.97
7.5
9.1
7.15
0.72
2.47
32.52
49.12



0.98
0.84
0.44
26.59
36.22
233.8
101.734555
1825.375171


783.08322

2945.039953
-0.00484871993794
0.0694742336141
0.0396483910989
0.00787322095488
-0.00277008310249
0.0195452732349
-0.0184468230471
0.127049180328
0.0609049741988
0.112341509329
0.0526315789474
0.118397490522
0.0841690708431
-0.196132596685
-0.608342989571
0.0609049741988

-0.927614911328
0.0458927531285
0.119946430066
0.119946430066
-0.0652910378811
0.135541582939
0.131172597026
0.178451178451
0.0491586935005
0.274103002197
0.345146999597
0.345146999597
0.0290237467018
0.0534577483213
0.0155951528729
-0.0112261669599
0.112073209111
-1