6.61
5.99
3.53
7.79
6.76
4.17
6.24
48.88
13.97
9.3
12.04
14.72
14.56

5.61
1.61
1.85
53.48

-0.00254891190564
0.0433103518457
-0.0144742024419
0.0388100130768
-0.107708113098
-0.119194681039
-0.00595727107482
-0.00465568912642
-0.00402262193307
0.0255547139493
-0.0136374734052
-0.0572609834221

-0.00595727107482
0.0513076678147
0.0648552564754
-0.0208702008832
-0.0400311878751
-0.0400311878751
-0.0969638006353
0.0277231309847
0.0520953768796
-0.0645495716702
2.1855760774
-0.30489515182
-0.314286145396
-0.0722855884452
-0.0422799229095
-0.0411299892906
0.0677543188598
-0.0921265647547
-0.0255569854332
