10.45

1.6
4.73

0.72
6.43
75.48
57.47
8.09
52.29




1.02
0.19
15.26
18.01
-0.123447567467
-0.170454545455
-0.16231884058

-0.583657587549
-0.583657587549
-0.125800508817
-0.208224882874
0.0
-0.123874124319
0.0369003690037
0.164948453608

-0.125800508817

-0.936585365854

0.0308719232374
0.0348432055749
0.0394511149228
0.0281146637266
0.0140073081608
0.162790697674

-0.0755813953488
-0.234042553191
-0.660377358491
-0.063768115942
0.0597014925373
-0.00672854184834
0.0208358974141
0.197162046155
-1