2.36
3.16
1.44
2.79
3.43
1.7
11.63
61.85
56.94
23.97
46.73




1.66
1.69
60.89

-0.0380573168071
-0.0291974725437
0.014849267236

0.0795696951625
-0.253104152323
-0.507991934294
-0.0355438381684
-0.0475582097583
-0.00438596491228
-0.0150648776685
-0.00465993928952
-0.0299124923898

-0.0355438381684

0.0909601137469

-0.0336756517078
-0.0336756517078
0.0162736925818
-0.0621080869614
0.185551550108
-0.294853240101
0.00569291314928
-0.464545292636
-0.464545292636
-0.431134532495
-0.0754948103698
-0.0564635323146
-0.0284324352536
-0.219227201816
-0.0485249189438
1