4.19
4.22
3.01
10.43
8.79
7.48
23.65
66.56
58.48
28.78
88.49


0.13
3.27

63.79
2.54


1.81
1.81
2.75
71.76

36.37








-0.150142531918
-0.124994818865
0.14545650229

0.0468822560898
0.318686821849
0.23454082533
-0.141565774191
-0.195995980186
-0.00865892291447
0.130252837256
0.164157441961
-0.48334611592
-1.0
-0.141565774191

-3.24273105647

0.0220916603069
0.0226480581637
0.0780853232298
-0.00390590537603
0.16362175607
-0.162199402054
-0.0913026989444
-0.176160514802
-0.176160514802
0.56938709339
0.417855210847
-0.0139134887644
-0.0265539635398
-0.140973697906
-0.122808444127
-1