19.48
9.54
5.51
12.4
6.95
3.5
8.27
26.69
15.01
10.34
9.94
11.6
34.86


0.88
0.57
28.27
39.41
0.0545209297879
0.0462786295171
0.431961850858
0.440052392416
0.712197475355
-0.0697272122422
0.112782672025
0.0100982041818
-0.0522640030548
0.0194716999037
-0.0371275095862
0.658795649583

0.112782672025
0.574697692876
-8.45693713653
0.252069133225
0.22077821903
0.22077821903
0.295319115107
0.0541214598783
0.00399760143914
0.14450710795
0.307766990291
0.109947206844
0.0538381216052
0.0538381216052
0.0500753507095
0.111854959098
-0.166656759152
0.216780617591
-0.211183631828
1