3.25

2.16
4.38

2.92
18.59
62.26
57.03
28.39
53.75


0.12


84.04



1.51
1.51
2.19
66.54

45.71
1009.408163
5429.867347




46732.102041

0.0217451656036
-0.00807921636336
0.206145337576

0.14524351682
0.30540613637
0.473250096304
0.0289968521735
0.0202649903275
-0.650139514917
0.0345119020388
0.0469167143258
0.187932385918

0.0289968521735

0.243222617293

-0.0686708799835
-0.0686708799835
0.0167484342644
-0.113799043472
-0.179667234019
-0.0198873590366
-0.0788111183757
0.0143037312744
0.0143037312744
0.00214515016051
-0.0611532161977
-0.0675423637676
-0.0451281634883
0.110996354036
-0.27481621756
-1