3.27
3.67
2.19
4.46
4.49
3.0
17.07
65.43
56.96
26.97
53.32


0.13
2.51

68.35
0.78


1.49
1.49
2.22
67.11

45.08








0.0112581103924
0.0061982970717
0.0278353603035

0.0935880633128
-0.0638986173819
-0.0988708063627
0.0118999170143
-0.0536525057966
-0.00745632722625
0.173027098699
0.199641613723
0.244533983671

0.0118999170143

-0.241151927557

0.0206227738301
0.0206227738301
0.0549110719436
0.00339248714398
0.0391377956852
-0.0435176565506
0.96817723368
-0.263263255702
-0.263263255702
-0.594926094156
-0.38497797588
-0.00582231848021
-0.0172302866861
-0.0185150218551
-0.00721258647342
1