17.39
9.55
5.91
11.45
7.02
3.89
8.73
28.71
15.27
10.06
10.96


0.85
4.0
11.2
21.98
46.64


0.96
0.66
0.74
33.98
51.46
138.51
72.387947
829.138889


416.286252
17.212335
1225.277778
0.00188679245283
0.0480443404739
0.048039591764
0.292185124711
0.180221034296
0.243380431515
0.404035916382
-0.0621266427718
0.0879229016071
0.0342660761869
-0.00139621443157
-0.00947206378095
-0.0530303030303
0.572381788163

0.0879229016071
-0.584891735077
-1.43330829685

0.151236256642
0.151236256642
0.211456031496
0.0247614145095
0.0439819597049
-0.00906040268456
-0.269677982481
0.0479208838544
0.0696795329497
0.0638946085641
0.0571048190923
0.0102240959509
-0.126474842133
0.107254296938
-0.140948868069
-1