-63.17
-33.55
-24.89
-63.04
-33.48
-24.84
-14.05
29.21
-10.77
-13.94





2.53
1.33
39.4
65.03
-0.500389934623
-0.483607763898
-0.0719658598338
-0.0241613321119
-0.138698922784
-0.320732178047
-0.216599237003
-0.387918614466
0.0
-0.0696248853215
0.0
-0.014758627375

-0.216599237003
0.0321794510755
-0.105961014247
-0.375488024457
-0.0863876364115
-0.0863876364115
-0.021869115599
-0.212289342758
0.0862643591704
4.28426609362
-3.10333333333
4.44290418019
7.27192311893
4.71914882926
-11.5400717703
-13.7490519253
-0.125901706346
-0.172651995582
-0.0144217765777
1