1.46
5.39
0.5
2.21
5.67
0.76
1.3
41.38
25.16
14.83
12.29


0.43
1.34
90.98
8.88
35.46


1.79
1.75
0.63
34.35
52.32
159.27
1.122001
86.109819


76.631598
-5.412145
223.102252
0.00407709414381
0.185783220837
0.309273309539
0.73535651361
-0.070677781805
0.562848213072
0.780666994246
1.0215769127
0.265810483635
1.06707192608
0.638781804163
0.00042979333471
-0.0087368744892
0.410140032001
0.0751815463477
0.265810483635
8.51736449205
1.45132845236

-0.109925938927
-0.110395254298
-0.14034216457
-0.0629529491144
-0.28676241923
1.13766257839
-0.0950216512288
-1.16265753351
-1.0747213016
-1.32437504426
1.17038186428
0.348679826275
0.0474423051837
0.176367164932
-0.845751767908
-1