12.97
6.71
3.87
8.24
5.02
2.46
13.53
91.39
33.59
18.31
23.87


0.34
3.01
23.22
46.19
47.53


0.7
0.62
0.55
29.81
42.47
201.27
53.157222
392.9175


409.749444
15.456389
1374.548194
0.0
0.0252063142362
0.00866789064358
0.166533647109
-0.0210579596034
0.0507290638398
0.292013032671
0.545636843239
0.0396788878545
0.0425534997609
0.0141559568757
0.0121673408862
-0.0120768100406
0.134952058122
-0.124481851687
0.0396788878545
-0.404531056034
0.0677015295757

0.0254465340778
0.0281116005725
-0.111533327985
0.0405644392032
0.0278784570271
0.0944803191534
-0.0716227534222
0.168340527373
0.0940883115039
0.010873767037
-0.0454048812756
0.0106089228125
0.0124528386308
0.000233143545383
-0.138422046537
-1