47.16
11.2
5.96
35.8
9.07
4.52
12.59
60.16
25.47
19.12
15.91


0.7
5.72
23.38
146.32
22.02

3.33
0.8
0.74
0.23
12.63
14.46
484.91
17.292158
137.347696


36.667737
53.296422
290.243186
0.0834205826199
0.179462648864
0.582752150935
0.0698666030022
-0.0135066125129
0.0804512275023
0.0662198904602
0.089538524367
0.148485028434
0.186431933432
-0.00019404198699
0.082673121511
0.113956879811
0.261117149464
0.504513515933
0.148485028434
0.0883323069851
3.85355098136

0.0558136780884
0.0541961707744
0.108016824703
0.0238633121652
0.0819034118965
-0.0818381183195
0.106352923032
-0.156292340356
-0.169292730884
-0.0725167617453
-0.0230221057461
-0.0496920498125
-0.0303328586092
-0.0277072411221
-0.0156704322278
1