
11.4
6.59

6.92
3.46
10.57
57.71
21.96
16.18
11.34
7.52
5.16
0.89
7.36
31.13
144.66
22.8

2.97
1.18
1.11
-0.02
-1.14


18.116906
171.347101



63.500912
275.049609
-0.0698097200339
-0.0292904946835
-0.169624196245
0.012454412911
0.0796475444403
-0.0338422229028
0.157232313179
0.204841151189
-0.0148192068663
29.641180203
-0.000357792788625
-0.0034487155245
0.00607740575844
-0.00501393560826
-1.0
-0.0148192068663
-0.0423864813606
0.123207399411
-0.00405116239138
-0.0554508022828
-0.041382830259
-0.0727395807628
-0.042367435958
-0.0591113762191
0.00346599201643
0.902370603485
-0.197622248895
-0.243765203456
-0.309559183037
-0.217818574372
-0.0270037616594
-0.00098460569901
0.0177285459601
-0.05383724317
1