8.04
3.8
2.77
4.76
2.56
1.64
21.09
67.67
57.03
32.97
36.53
9.54
6.19


0.82
0.6
34.44
52.53
2.95817430584
2.97491416468
2.65224355506
0.484105212199
1.69426554646
4.93750950024
27.3047830923
2.9352228052
1.95241637134
0.424242424242
5.34726767719
13.033970276
0.777618906891

2.9352228052
-1.62508261732
-0.480290200293
0.784070890442
0.24971649568
0.249738692933
0.302463372253
0.225995439496
-1.68384693511
-0.688802699396
-0.584614792644
-0.727303380943
-0.73528705541
-0.734320400048
-0.422109578589
-0.533362517782
-0.0237432534367
1.93358562804
-2.40250486212
-1