-48.01
-12.17
-12.58
-29.79
-6.67
-7.8
-36.52
70.06
55.49
36.39



0.4
6.2
91.47
56.68
46.88


0.81
0.78
0.43
26.2
35.5
231.03

1475.65625
8.17
120.6125
1122.401563
56.28125
4284.284375
-0.0804597701149
0.0309598253194
0.0306298233104
0.136210282492
0.213991769547
0.215908347508
0.0545009185548
-0.966089103503
0.0412787264383
-0.174681028292
0.0155440414508
0.241779307507
0.254783875821
-0.146336143717

0.0412787264383
-0.106735442912
-0.579939130228

0.40600203065
0.405356310575
0.261730620769
0.478230078215
0.366065636452
0.599750518976
2.23541158615
-171.474542758
-25.2095022624
-25.2095022624
-1.22713169929
0.479210654081
0.0728737676397
0.0392906741233
0.269146028084
1