11.02

9.15
-12.35

-10.25
8.59
47.1
14.56
10.73

3.76
5.92
1.23

5.66
44.64
17.52

9.46
5.39
4.0
24.12
82.98

4.15
16.088056
187.386111


145.935278
47.257222
175.866667
-0.28
-0.417682612727
-0.0285293819141
0.0296577321786
-0.0613118469092
-0.36379122843
0.359979543059
0.337780748171
-0.146039954518
-0.0920344958695
0.0074294205052
-0.541979436069

-0.253823320083

-0.146039954518
-0.192510145478
0.127156414091
-0.526815531681
-0.0980633343807
-0.0980633343807
-0.0493903462386
-0.147104611899
-0.0468235220986
-0.371229355886
-3.47625555176
-0.521426210544
-0.507216450028
-1.94888515242
-1.40335050216
-0.316159886392
-0.0490412775187
-0.0512398122821
-0.127721066559
1