17.63

15.37
10.04

8.76
16.41
52.0
19.17
16.21
12.3
9.69
10.5

9.41
8.18
39.67
87.18

-0.494241146463
-0.31361589653
0.228747397828
-0.408882108369
0.576142930599
0.692144101201
0.0351134066212
0.0874950272857
0.0250737463127
-0.338888123766

-0.190229149703

0.0351134066212
-0.206076672584
0.324141584014
2.08856056474
-0.0900591470375
-0.0900591470375
-0.174348512066
0.00459791095599
-0.104459117959
0.374090287656
-1.08540286976
0.7393856726
0.686140884831
-1.88411223594
-2.93264580188
0.197597597598
0.0946570579935
0.0143999709213
-0.318806544865
1