-3.85
1.32
-1.21
-2.74
1.7
-0.86
-3.79
100.0
23.37
14.31
6.36
7.42
3.93


1.05
0.54
31.55
46.08
-0.0210202780759
0.0333510758682
-0.059364758174
0.0364993778515
-0.0876980664772
-0.0637202154016
0.0483903899816
-0.0251567140635
-0.0641449292149
0.00041029841896
0.00701258021178
-0.00102925749071
-0.0766040623286
0.0597647058824
-0.0251567140635
0.173895003494
0.590945620145
0.0189227722224
0.0156413860405
0.0156413860405

0.0156413860405
0.00406438603616
0.090977018826
1.42783385311
-1.66890059208
-1.47205496489
-1.36371022234
-0.608877380493
0.0645641518318
0.0
0.0115770000044
0.0750061442146
1