11.07
5.57
3.53
7.78
4.4
2.48
7.67

17.45
9.2
13.64




1.02
0.55
31.86
46.75
0.0167330259781
0.0212148033413
0.188228642025
0.0135542537807
0.41521872894
0.145734512915
0.354576965496
0.0322633825732
0.0192678863668
-0.015392371488
0.0396130820034
0.000620941846213
0.0319346260356

0.0322633825732
-0.11330888132
-1.17509717805

0.102455049383
0.102455049383

0.123224422304
0.136266996896
0.00681830578738
-0.585561947052
0.410663914689
0.470492745781
-0.092284576508
0.03805105729
0.0678769256575
0.0207693729206
-0.0338119475127
-0.085773592642
-1