20.68
12.98
6.75
21.13
13.16
6.9
4.59
12.9
5.17
3.0
6.86
9.09
6.3

0.77
1.96
0.68
32.66
48.51
0.00816326530612
0.0146788990826
0.0909535452323
0.255474452555
-0.0127925117005
0.107707509881
1.01829268293
0.0377622377622
0.399326437335
0.0
-0.11280140743
-0.111163300454
0.0233532934132
31.1428571429
0.0377622377622
0.202002145156
0.171735241503

0.0701052803395
0.0701052803395
0.059563018973
0.147168531706
0.112205567452
0.28013029316
3.96428571429
0.723495702006
0.987341772152
1.56576200418
0.825557809331
0.210526315789
0.0770632513662
-0.0421002871123
-0.0208482648928
-1