16.64
7.88
5.33
11.02
5.89
3.53
12.56
40.96
25.82
15.43
18.7
6.55
5.05
0.47
3.63
27.23
36.76



1.38
1.21
0.55
32.03
47.13
182.45
80.961183
644.362292


486.50647

1518.669131
0.0265654648956
0.101851851852
0.0584988962472
0.0208728652751
0.0
0.00564971751412
0.034965034965
0.741379310345
0.0905229625697
0.0751633986928
0.00466562986003
0.212014134276
0.401280683031
-0.304270462633
-1.0
0.0905229625697

-5.2
0.0805945223454
0.146710526316
0.146710526316
0.139534883721
0.157212317666
-0.028384279476
0.691823899371
-0.0384615384615
1.04672897196
1.04225352113
1.04225352113
0.124137931034
0.190476190476
0.0105017913503
0.175094805792
0.125837661041
-1