9.01
5.3
2.5
6.42
4.42
1.78
6.99
40.0
24.36
12.44
16.91
5.95
6.66
0.44
2.41
24.58
34.66



0.92
0.84
0.51
27.7
38.3
205.91
44.315292
633.853977


491.827098

1775.880857
0.0177449168207
0.139775910364
0.0757733750434
0.524163568773
0.109375
-0.0561797752809
0.962837837838
0.970297029703
0.19011684518
0.0288753799392
0.0201238390093
0.102040816327
-0.113480578827
1.273657289

0.19011684518

-1.4693877551
-0.142781838357
0.00114744693058
0.00114744693058
0.0174927113703
-0.0224089635854
0.0808988764045
-0.193308550186
0.9
-0.442922374429
-0.4
-0.4
-0.0950920245399
-0.0555555555556
-0.023556410516
-0.0797514294739
-0.523016121843
1