12.33
6.15
3.58
8.84
5.02
2.56
11.31
46.99
29.56
17.04
20.63
6.69
4.21
0.35
2.81
25.54
28.59



1.17
1.05
0.48
29.01
40.86
213.83
77.828398
688.306758
0.22
1.518603
631.35915

2176.537585
-0.0138524897042
0.0387163561077
0.0278138809462
0.0832072617247
0.267857142857
0.0510948905109
0.0705128205128
-0.0114942528736
0.0440721180113
0.0445979899497
0.00601684717208
0.0134897360704
-0.0906562847608
0.255623721881
9.0
0.0440721180113

-0.406976744186
0.0623905629018
0.0168255748738
0.0168255748738
-0.0418743768694
0.0923076923077
0.0584795321637
0.157303370787
0.118279569892
0.17816091954
0.214876033058
0.176
0.030303030303
0.0613861386139
0.0754821174339
-0.0416539572899
-0.0663816868509
-1