2.44
4.17
1.2
1.83
3.86
0.9
8.38
56.63
50.89
26.24
30.94
20.76
22.15


0.13
1.05
48.97
95.97
0.0159077550903
0.0308940899416
-0.407668975508


-0.407668975508
-0.407668975508
0.0114834694311
0.0831649587939
0.0405405405405
-0.0585736898477
-0.0607849608371
0.0610194368599

0.0114834694311

0.207722828397
0.162117094321
0.0707657344865
0.0712845292687
0.00785519645603
0.124518730489
-0.00120546765687
0.3164831553
-0.196459368229
-4.66113574596
-4.66113574596
-2.32910954161
0.572858213304
0.147945650809
0.0532342012204
0.0724899969256
0.478953504777
1