22.95
19.33
14.06
15.69
13.65
9.62
13.63
64.22
23.73
15.89
17.17



2.44
1.29
3.6
61.3

0.367296391416
0.164985919481
0.107696660491

0.247489612188
-0.0481595151234
0.078993515762
0.28346551841
0.996215917079
0.246503496503
-0.290496760259
-0.242811111111
-0.0657413736737
-0.997533333333
0.28346551841

2.13725944818

0.178585291649
0.178585291649
0.10483067558
0.224124107563
0.157715169123
0.482864620114
-0.435000556979
1.02868309486
0.511722959165
0.614681728804
0.371236090867
0.35925930646
0.0455388159141
0.0208701225259
0.0708886311583
1