4.34
4.71
1.94
2.0
3.45
0.89
2.38
59.45
15.36
7.75
8.71
8.53
6.24
0.98
3.17

52.35
34.46

3.2
1.25
1.25
1.15
44.68
80.77
88.39
6.18
259.854706


142.361765

318.621765
-0.244444444444
-0.18731684445
-0.218581265712
-0.267375194113

-0.285442573354
-0.241472787868
-0.635259166224
-0.205244307369
-0.138865365319
-0.119528619529
-0.285335208817
-0.314764174086
-0.158929294642
-0.00528364849833
-0.205244307369

-0.515287227629
-0.196645691656
-0.0268943215511
-0.0268943215511
0.00123520962234
-0.0451926048465
0.0413196011653
-0.385829174595
0.35098016868
-0.724671104356
-0.651913968476
-0.645014328753
-0.18058719581
-0.237992050839
-0.0182982832953
-0.0682139227165
0.240480872562
1