12.38
10.55
7.13
8.06
7.57
4.64
7.89
59.62
18.74
11.15
12.73
8.4
9.05

2.43
1.33
2.23
57.58

0.132318061012
0.16265744237
0.0343753722581

0.0152719829961
-0.0746537936415
0.109077510146
0.0412872427984
-0.0209205020921
0.333399237396
0.371838475044
0.0711631995312
1.55819774718
0.109077510146

-0.063103630322

-0.00201216950468
-0.00201216950468
0.107788203309
-0.0647916159832
0.0199979654465
-0.313031284514
0.574511519393
-0.442912825765
-0.476050610032
-0.462028386444
-0.260041912032
-0.215283809652
-0.0627794464785
-0.0220101349512
-0.0363875417627
1