21.04
12.28
8.04
12.72
8.46
4.87
9.07
59.56
20.68
12.62
13.55
10.18
10.09
1.07
5.15

58.18
33.49

2.25
1.21
1.21
0.85
38.25
61.94
118.33
20.713992
228.36214


98.474897

257.471605
0.0340425531915
0.166866550243
0.257829710886
0.0408337857625

0.0821478129713
-0.0476596624538
-0.0378352742794
0.138974905109
-0.243437214464
-0.119658119658
0.98762241663
0.958614284252
0.147313369148
-0.185909980431
0.138974905109

-0.28174616328
0.494357674883
0.11772667945
0.11772667945
0.119517937667
0.116513513514
0.0824170344329
0.264731384804
0.214916342533
0.285334899517
0.308753773178
0.193382727665
0.189352108219
0.233090463602
-0.00121316593669
0.0353096450173
0.0768928936877
1