11.04

4.62
8.1

3.39
16.61
52.73
32.68
29.96
14.9
10.77
8.24


2.05
0.77
41.88
72.05
0.0283571655011
-0.123411978221
-0.0260780597831
-0.108389231997
0.436562366052
0.677804878049
0.0238493421718
0.0877537511572
0.0
-0.0275162888814
-0.0709234188725
0.144816006716
-0.0482573726542
0.0238493421718
-0.177800845258
-0.147545548572
-0.0516641732341
-0.00211010287594
-0.00211010287594
0.0174569937036
-0.0190221831207
-0.104099646399
0.0572559115179
0.0877675672701
0.0339375078851
0.223579556266
0.373025840088
-0.0859250357417
-0.0863632071017
-0.0169120802448
0.101989543523
0.0239679569071
-1