-68.08
-22.4
-25.01
-63.45
-20.62
-23.31
-68.09
49.96
26.43
-58.43
21.41
7.74
3.88
0.38
-6.02
11.35
42.74
19.44


3.03
2.27
0.62
36.73
58.06
161.8

2943.46


2943.85
449.85
8013.81
0.0752688172043
-0.275957919901
-0.0460572226099
0.213036603221
-0.126515355603
-0.184332765342
2.32450537467
4.78825271471
-0.236166022975
-0.385511185143
0.0
-0.111655192111
-0.0806721040044
-0.0967248159193
0.0
-0.236166022975
-0.134870571945
0.460218178755
-0.260809732126
-0.0398765701909
-0.0398765701909
0.00899512221857
-0.08429481392
3.33331522403
-2.97737306843
-0.239536811703
-5.04211120747
-7.10939564867
-6.50653026327
0.479570750951
-0.186547891639
-0.0444182437291
-3.37319179423
-0.252913173412
1