34.91
31.91
17.05
30.98
28.57
15.13
18.94
73.0
19.63
17.73
18.71
38.21
50.89

27.12
2.15
5.72
48.84
95.45
0.252379898162
0.291192583228
0.0819282748723

0.0802944375952
0.0824318283415
0.0432063939821
0.094140468864
2.15519340639
0.25
-0.725173009573
-1.0
-0.0499773857983

0.0941284141738

0.229997461469

0.348763551828
0.348763551828
0.169287059644
0.429944781017
0.380053895346
0.611587348074
-0.607397188964
0.343969142857
0.497093238434
0.5895156131
0.482801531589
0.50489072725
0.081181229189
-0.0312903435182
0.266835276956
1