38.22

17.43
25.04

11.42
15.5
16.06
15.4
14.98
10.57




2.62
1.76
45.61
83.86
0.155758900746

0.292589226155
0.209179641918

2.25287065345
2.25287065345
0.255019627849
0.317333270828
0.00469116497263
0.183458964547
0.183458964547
0.229540603221

0.255019627849

0.334697921856

0.276179219966
0.275948782595
0.253009580676
0.412674635169
0.144571626278
0.436950537079
0.252784890101
0.42999414692
0.446182615671
0.512266596117
0.504031114179
0.43377101233
0.136725852574
0.131377156317
-0.0166404435596
-1