-16.01
-5.02
-4.51
-10.85
-3.4
-3.06
-7.5
12.43
-0.46
-7.05
1.5




8.19
0.46
28.16
39.19
-0.131416883199
-0.102610397719
-0.101674119176
-0.0303953751433
-0.282404431007
-0.269867667977
-0.105691162505
-0.0920546261721
0.00157068062827
-0.10735293495
-0.0894321024346
-0.130985300712

-0.105691162505
-0.0393212066424
-0.0974387291485
-0.0778396392709
-0.0946755404012
-0.0946755404012
-0.125789870114
0.208155892598
-0.495243241483
-0.750891052932
-0.707149527533
-0.748652541096
-0.808167742441
-0.808167742441
-1.15766999045
-0.9591943238
0.302831433
0.400567701082
0.00699857877463
1