13.84
9.82
5.62
5.96
6.12
2.42
5.3
47.7
9.82
7.87
4.24




2.37
0.88
40.58
68.28
0.111374400103
0.11616391289
0.00910593317407
0.111968245829
-0.0964423193109
-0.0667278250669
0.0766346854649
0.120999531113
0.00611390965226
0.0241561660695
0.00103984745563
0.140153338

0.0766346854649
0.0620093688642
-0.0691950282309

0.0462712482375
0.0175824624116
-0.0418480936079
0.163589323688
0.0595158041763
1.31501201104
0.280995254897
2.79909194098
2.9857881137
-8.04623191129
1.99002107618
0.910541540212
0.146006861276
-0.0419333417647
0.00847652923755
1