30.02
8.48
4.92
17.37
6.18
2.85
7.43
28.01
22.85
14.07
13.08
11.0
8.3


0.94
0.22
16.39
19.61
0.0659356184439
0.0779291420046
0.236332262164
-1.0
0.665574769559
0.843630904261
0.0795862788272
-0.551307745741
-0.55295018644
0.490081385882
0.141751330431
0.493900228084

0.0795862788272

-1.71517192485
0.257350372318
0.315868336419
0.315868336419
0.396714200071
0.145490765758
0.143129553734
0.147840453151
0.334402752592
0.0202826214811
0.0202826214811
-0.0194038913382
0.0311881413911
0.11152073214
-0.170377570661
0.172738782685
0.0795360742551
1