13.2
7.8
5.21
7.95
5.57
3.14
9.58
32.18
27.05
16.13
16.69
9.73
7.06
0.58
4.3
493.39
45.13
33.26


1.13
1.12
0.74
39.44
65.14
135.58
376.712575
3932.359281


2853.335329
137.562874
7233.892216
0.0636942675159
0.00899512790387
0.00639579765372
-0.175963216825
-0.956261706812
0.123575415944
-0.0451007492544
-0.0869886123998
-0.00882739766938
-0.102085618129
-0.106603330922
0.0794187033436
0.091533180778
-0.0459531541183

-0.00882739766938
-0.469543733259
-0.594567404427
1.55222458092
-0.255082919304
-0.255082919304
-0.307331965741
-0.11428284039
-0.145518365097
-0.0808472605474
3.00428225656
-0.397980861244
-0.397980861244
-0.531113449279
-0.378021242312
-0.156794441623
0.140800078914
-0.109564554207
-0.0791197024791
-1