18.02
11.73
7.78
17.27
11.35
7.45
11.46
28.53
24.36
17.5
17.85




1.1
1.04
43.16
75.94
1.14503066133
1.07017575525
2.72608091108

7.81379787725
0.203315071037
0.104586369481
1.31293265597
0.893261947941
0.925872093023
1.18581013218
1.18590935657
9.19257703081
0.689166666667
1.31293265597
2.72828653897
-0.472290945077

4.90173211688
4.90173211688
43.1602990033
0.861444902494
0.765840714311
0.927244008983
3.34058671825
0.49092233717
0.49092233717
0.458235451545
0.524406345076
0.837973998749
-4.04028721439
4.13589140257
2.17565120581
1