1.14
3.23
0.32
-3.6
1.6
-0.99
0.34
23.64
14.23
5.95
7.2
3.17
1.25
1.14
2.38
17.33
54.62
25.13

0.39
1.34
1.07
0.52
27.51
37.95
200.08








-0.0647017882
-0.0839157822073
0.0246821859006
0.00848827809216
-0.165691759919
0.890202702703
0.248780487805
-0.0428138265616
-0.120569769797
0.0
-0.0231759656652
-0.0711313651674
0.0290240389941
-0.122117847993
-0.0428138265616
-0.139292842886
0.0119857466796
-0.333538802808
0.357461234227
0.357461234227
0.372272783942
0.311738293778
0.268688877839
0.459137343927
0.167228915663
-1.47603833866
-0.956385068762
-0.812475009996
5.20517928287
0.291710388248
-0.0457229404488
0.0887723563883
0.332779048326
1