
10.97
1.06

10.96
1.05
0.68
48.11
10.17
4.22
6.63
10.69
10.86
2.98
1.41
7.22
61.57
27.95

10.83
1.48
1.02
-0.21
-14.18


2.488525
367.360656



85.20929
235.5
0.0166666666667
-0.173723565004
0.0184279191129
-0.132564067394
-0.131690541208
0.111918140758
-0.314771992819
-0.338738723064
-0.145153260087
-0.330341782
0.0577012563983
-0.188029245088
-0.221092582846
-0.152470359396
-0.955510153025
-0.145153260087
0.012512499513
-0.0875408949826
-0.0606414375252
-0.0134379764817
-0.0134379764817
-0.0132938101757
-0.0135934292834
0.00442175134031
-0.16877785597
0.469128179797
-0.7457002457
-0.727004929662
-0.727004929662
-0.312858375979
-0.169528574551
-0.000155452801657
-0.017859727822
0.119126090912
-1