-1.91
1.0
-0.87
-1.39
1.28
-0.63
-0.78
14.86
4.32
0.61
3.15


1.31
0.39
86.29
77.21



3.17
3.08
1.15
45.43
83.24
87.74
-8.955382
1151.919263


469.721671

1033.99221
-0.0433604336043
-0.0384403207725
-0.0777620321952
0.0354137670409
-0.208324583141
-0.0465012027116
0.160293111394
0.47840513066
-0.00439023891274
0.00017341947003

-0.0467302409453
-0.072296329445
0.108671447916
0.238776321017
-0.00439023891274

0.00477236350516

-0.00994793812958
-0.00994793812958
0.00138120248501
-0.0702038461538
-0.0526317939667
-0.352732527588
-0.670551886723
-0.761725301023
-0.737231701392
-0.720377128954
0.519197078125
-0.141487631601
-0.0602559080243
0.0426838558371
-0.0453617051705
1