30.95
17.6
13.43
19.68
11.72
8.54
29.27
66.36
44.84
30.89
32.56
8.76
8.19
0.55
11.66
23.71
54.29


0.81
0.66
0.55
1.09
43.37
76.58
95.77
343.373494
1173.2358


1109.251291

2557.745267
0.0621572212066
0.227141862085
0.246174903456
-0.130394615283
-0.146884272997
0.0259481037924
-0.402521386763
-0.422764227642
0.173652931072
0.168850600771
0.048095703125
0.0872520205731
-0.00117370892019
0.465228873239
9.13
0.173652931072

-5.46517739816
0.312167592145
-0.0384398363662
-0.0384398363662
-0.250490356326
0.122518610422
0.0980815075491
0.151962795787
0.403174603175
0.140651801029
0.142535464985
0.142535464985
0.167872648336
0.16751026645
0.160958446788
-0.136521343915
0.0919547789169
1