66.72
29.43
20.35
41.11
20.49
12.54
76.89
70.02

86.91
74.87
4.09
6.31
0.3
4.28
33.9
13.98
57.05


0.54
0.48
0.54
30.5
43.89
199.92
1579.265487
2053.829646
2.39
48.99115
2367.04646

7760.473451
-0.241610738255
-0.0370891103455
0.204652662667
0.0956280131012
-0.381174025035
0.143799555978
0.233933161954
13.6334650856
-0.0291036352696
0.682245856119
0.00573065902579
-0.23878845677
-0.241258612159
0.244537663814

-0.0291036352696
0.130822677012
0.479022093444
-0.101694485939
0.114797624695
0.12200372523
0.531306051036
-0.00149159499279
-1.11511096687
-2.13478592939
-0.26166212599
-1.85298784976
-1.83502830869
-1.78903911041
-0.0419964219655
0.856440126282
-0.123495320223
1.2371146921
0.0263757121289
-1