33.36
14.52
10.29
22.79
10.59
7.03
41.22
72.21
65.53
47.74
45.95



72.6
0.54
0.59
30.86
44.63
0.373869107133
0.385482363788
0.715874070941
0.474885844749
0.305358779898
-0.102150874773
0.39935429692
0.260746821964
0.0115681233933
0.293008287938
0.26784237875
1.54268972211
197.014044944
0.39935429692
1.45442680009
4.71463343958

0.727311674799
0.728276881918
0.314600920367
0.964681033803
0.391532937642
1.49038057633
0.438695003199
1.81595739999
1.79073931952
1.79591967255
0.982226977752
1.03009799812
0.236404151885
0.336743944276
0.0124028109768
1