16.54
10.07
4.57
-37.71
-12.6
-10.43
4.38
52.01
11.56
6.13

5.11
4.59
1.58
3.06
7.25
74.72
37.47


1.86
1.44
0.72
27.64
38.21
144.61
11.816786
269.599524


71.424524
65.055714
258.364881
-0.125
-0.299808844344
-0.00479584894977
-0.0973909342863
0.0539256568085
-0.0167137678355
-0.210215602276
-0.286571259482
-0.184743492268
-0.323305658726
0.0179267342167
-0.0652270688533
0.130471921237
-0.166593109864
-0.0589623337168
-0.184743492268
-0.0599095464766
-0.000857789025048
-0.467416593941
0.106280580263
0.106280580263
0.070573053907
0.141409462379
0.253096373844
-0.315244942845
-0.231895866069
-0.343655154629
-0.432573440592
0.868121434292
0.390079039143
0.0490718411755
0.0351288821156
-0.146815793581
0.203671514549
1