58.79
36.66
21.54
36.57
23.52
13.4
11.2
50.29
13.63
11.53
9.06




1.85
1.45
36.64
57.83
0.284600727525
0.270707464432
0.0651026041042
0.309458577952
0.285714285714
-0.238353931821
-0.310067748543
0.121574045189
0.198622124009
0.0
0.0335766423358
-0.0635507112507
0.115720778464
-0.189655172414
0.121574045189
0.225361053801
0.0113790970934

0.0412750306498
0.0412750306498
0.0313249914296
0.051301982122
0.0241266375546
0.154227827166
0.48623853211
0.146573604061
0.129648241206
0.129648241206
0.123175416133
0.145909327775
0.0100269514723
0.0171483930952
-0.0238275734544
-1