30.01
20.21
12.95
19.55
14.04
8.44
7.72
46.21
10.98
8.73
7.29
4.92
9.93
2.29
8.06
6.08
26.05
19.56


3.08
2.06
1.44
43.15
75.91
69.3
9.04023
117.057471
15.3
17.91092
30.123563
21.382184
69.807471
0.0175438596491
-0.10553633218
-0.0786553524804
0.125083724046
0.0539053905391
0.39517274018
0.112605932203
0.114629356897
0.0777728482697
0.21782063197
0.0
-0.0390211640212
-0.04806671721
0.0271500313873

0.0777728482697
0.160480349345
0.179140679141
0.599070326327
-0.0357202035744
-0.0357202035744
-0.0433510870514
-0.0266818346347
-0.0526772972638
0.103351955307
0.801762114537
0.0504173622705
0.0374868004224
0.0823653643083
0.0188808788191
0.0547040792266
0.00903836893971
0.0169570936894
-0.16080392762
1