16.09
8.61
4.16
12.18
7.53
3.15
31.19
71.22
83.98
58.94
48.63
8.84
4.59


0.93
0.38
25.85
34.87
0.0177087126628
-0.0240151451878
0.101330155448

0.0621809331592
0.157773118234
0.29670995671
0.0221895630453
-0.0761007672785
-0.997555626024
0.0222883539377
0.0209633765994
0.833437457558

0.0221895630453

-1.22992195989
-0.184432215454
-0.0463915833164
-0.0463915833164
-0.125938473765
-0.0099758740857
-0.181379753812
0.0351596516691
-0.111483506791
0.213325117874
0.213325117874
0.182643515482
0.155229105662
0.0618686868687
0.0364157092307
0.134988170496
-0.147721738764
-1