8.03
7.23
4.1
7.18
6.78
3.67
37.06
98.0
91.65
63.78
61.01
13.69
11.92


0.52
1.1
51.05

-0.0162261316082
-0.0164857513906
-0.467011983671
0.241141141141
-0.0214608433735
-0.652088760062
-0.785837872477
-0.0265154488092
-0.0428723689602
0.00235169780862
-0.0108961432639
-0.0112408759124
0.0325176886792

-0.0265154488092

-67.8389662028
0.0828586487438
-0.00766364858587
-0.00458590684606
0.180469036277
-0.0108766736654
-0.023598506961
-0.00391235927854
-0.0927321725583
0.0717379024666
0.0775514274576
-0.00663642785441
0.000427063632481
-3.38261807874e-05
-0.00629076681931
0.019012600115
0.462426076825
-1