6.66
6.36
4.12
6.31
6.14
3.9
44.17
98.61
92.48
67.72
66.64
16.74
31.81


3.67
1.7
61.89

0.326573337763
0.337417939865
0.311098098124
1.93018711637
0.180214115781
-0.83908133447
-0.83908133447
0.325624105929
0.593175996296
0.492838429891
0.0301288637488
0.0317371313222
0.379785002622

0.325624105929

0.287096737251

0.214696116202
0.206433656759
-0.146183699871
0.221976324196
0.201359764089
0.231615957349
0.352680731637
0.175529053085
0.177889890615
0.108152391993
0.165667044902
0.243659020108
0.0155426674368
0.00507389266975
-0.104664441365
1