13.09
11.78
5.99
8.06
7.47
3.69
23.81
90.89
19.77
13.46
20.97
29.47
17.07

18.63
1.23
5.98
45.73
84.27
0.139751588684
0.51480401255
0.183991102858

0.44364748275
0.158643530789
0.127662385288
0.164698793966
0.158243184663
0.05
-0.760569359659
-1.0
2.22858674337
-1.0
0.164698793966

-0.685004429024
-0.284293082642
0.305503414673
0.305503414673
0.164085401603
0.321598162852
0.317476634602
0.345827994416
0.453238182111
0.390529571363
0.27976697214
0.27976697214
0.310129379861
0.358566941345
0.0160947481791
-0.0119732199288
0.121512311815
1