12.45
5.16
3.96
12.58
5.21
4.01
22.88
85.96
19.26
13.71
28.67


0.2
4.19
55.23
88.69
15.44

16.53
2.77
2.74
0.57
31.84
46.72
175.57
47.809574
209.006383


384.16383
46.311702
1206.421277
0.380323054332
0.658011802088
0.111314860092
-0.416316939328
-0.500421348315
0.262243780316
-0.457681117916
-0.472237147162
0.0201348802189
-0.114981741539
0.0555555555556
0.0267692372501
-0.000734341540419
0.61068940779
-0.685968819599
0.0201348802189
0.136275840468
-0.571047530055

0.575041888133
0.575041888133
0.0203802337624
0.728528878927
0.497894570207
8.1466395112
0.66836640089
2.27272065249
2.3080396155
2.3080396155
1.73003101978
2.84379443429
0.153486990794
0.0771473179253
0.99135882746
1