13.71
7.6
1.05
12.72
7.51
0.98
15.54

94.21
94.08
14.54
15.94
22.03


0.09
0.1
7.7
8.34
-0.225203367854

-0.0447394604429


-0.0447394604429
-0.0447394604429
-0.223311434253
0.0724416017798
0.0637450199203
-0.352907880669
-0.353285539936
6.58088878134

-0.223311434253

21.0877245397

-0.0800246629638
-0.0800246629638
-0.0940438871473
-0.0800432379896
-0.0132699325445
-0.0840298684836
0.00509986389756
-0.367495733533
-0.361931636247
-0.361931636247
-0.358858492305
-0.0836099112935
-1.85750258641e-05
-0.0667547304192
-0.0352852025209
-1