23.31
16.43
12.11
14.64
10.95
7.61
10.8
26.37
14.31
11.98
9.11
8.45

1.37
9.76
5.89
48.47
24.02


2.23
1.16
1.72
51.95

58.05
12.856029
119.084191


55.145221
28.317941
106.141103
0.236363636364
0.015336605579
0.100483364644
0.180282383845
0.226564311061
0.106119177346
0.24463141269
0.115216661068
0.0752036789582
0.157375971457
0.00952380952381
-0.0856805957538
-0.161482869656
0.181680233648
-0.450292397661
0.0752036789582
0.136323804072
0.179143279613

0.133573923835
0.133573923835
0.103836284939
0.225786544429
0.0898750812603
0.441733793062
-0.114236881005
0.548315681343
0.543074081675
0.578647727763
0.376026272578
0.345530461849
0.0922126205939
0.0436988425743
-0.0467084600104
1