

5.05


3.11
4.49
46.22
15.29
7.68
10.36
7.92
5.91


0.74
-0.2
-19.67

-0.0283864541833
-0.0704899103755
-0.192119375146
0.19512195122
0.165912518854
-0.273479874393
-0.374276135325
-0.0550100466315
0.992279561154
0.0
0.0106943271821
-0.00141414141414
0.182849936948
4.60233918129
-0.0550100466315
-0.412844036697
-4.78086419753
-0.0421903344144
-0.0297176820208
-0.0297176820208
-0.0167979686177
-0.0443298969072
0.0031522343779
-0.227630637079
-0.265139116203
-0.198473282443
-0.188877229801
-0.187434554974
-0.0215198386012
-0.108248493663
-0.0146122148864
-0.0328699163987
0.162401693125
-1