8.55
6.88
4.32
10.68
8.0
5.39
39.21
77.87
62.67
42.61
69.03
24.19
21.65


0.67
1.11
50.48

0.0152686515516
0.071786750934
0.0188451316743

-0.198125206086
-0.198125206086
0.0153668960502
0.0360527161684
3.98936652486e-05
-0.023033861294
-0.0238893343131
0.250925038819

0.0153668960502

1.31136154554

0.0532058818163
0.0532058818163
0.0161273824542
0.0642411614282
0.214705982673
-0.0346874929919
-0.796503796681
0.429800099273
0.429800099273
0.356092746551
0.252851514593
-0.00728058276027
0.011035279612
-0.161500100856
0.0343607501419
-1