19.53
12.99
8.57
12.57
9.15
5.52
7.0
37.96
11.42
7.03
8.9
7.04
5.17


1.1
1.23
43.89
78.23
0.14492461684
0.11127344231
0.169124311373
0.0508642590556
0.31006031161
0.270965958136
0.318142876614
0.150261649061
0.154621895505
0.00800711743772
-0.0021319376098
-0.0522231066119
0.550143102461
4.16088519775
0.150261649061
0.129006961216
-0.67275440771

0.107811441858
0.107811441858
0.109979510489
0.104285799773
0.0777140727575
0.23872652114
-0.969439649139
0.461080055299
0.695440268602
0.695440268602
0.132590266876
0.0503444180073
-0.00352564208523
0.0300973691003
-0.0613128695156
-1