51.5
15.42
10.99
32.74
11.32
6.99
31.76
84.18
44.63
43.49
21.34


0.36
3.71





50.09
50.09
0.28
21.33
27.11
357.32
49.870149
157.043284
24.2
38.002985
96.834328

453.955224
0.240740740741
0.1389343517
0.448680351906
0.23586784033

0.223272456652
4.66471962617
4.66471962617
0.260161254236
0.49339379431
0.0
0.222817687426
0.222817687426
-0.10620424817

0.260161254236

0.245579427216

0.211753731343
0.219231235601
0.0662824207493
0.243649690383
0.204879970731
0.282255352539
0.226694494136
0.304074623371
0.291899781075
0.291899781075
0.290337414497
0.2817643366
0.0244184547821
0.0143512648694
-0.0166366047289
1