32.35
24.97
18.84
19.95
16.07
11.61
9.88
27.34
12.28
10.89
7.48


2.35
14.56
8.7
39.51
20.14


2.54
1.38
2.54
58.22

39.41
59.502143
601.914643


183.904464
101.559286
315.905357
0.037037037037
0.110371978383
0.045565404642
0.155638961361
0.107513601445
0.121033603947
0.68413176453
2.00385967922
0.131602968277
0.252036345423
0.0352186473772
-0.130261466935
-0.194459761061
0.215310290595

0.131602968277
0.054287075468
0.119895060746

0.143702399768
0.144074788127
0.160197228791
0.102071610825
0.0492361602531
0.192781964657
-0.102925644275
0.234264801754
0.21038956448
0.21038956448
0.175937113667
0.174058848062
-0.0420031773017
0.0948386278737
-0.0115641732345
1