16.27
12.17
9.13
10.94
8.83
6.13
6.29
24.41
8.68
7.04
5.86
6.94
15.55


3.95
1.67
56.08

0.122373480288
0.0782157504352
0.337353173061
0.409880088118
0.153506115601
0.160255091545
0.200691470119
0.113384697981
0.0518110165639
0.410779564945
0.542536706877
0.133318259126

0.200691470119
0.351713837197
0.424387445463
0.0461957268485
0.288605126572
0.288605126572
0.30051754621
0.253069578802
0.154398796916
0.587930838515
-0.0481078811068
0.725882845075
0.764982385557
0.76894619584
0.514179758442
0.466579684371
-0.0355355477703
0.134206329656
-0.0487480464887
1