7.5
7.58
4.54
5.68
6.36
3.44
3.68
26.32
6.94
4.71
5.02
11.03
3.37


3.33
2.03
60.52

0.00786695853221
-0.0174696056697
-0.39588215979
-0.4395228219
-0.177407162997
-0.172958938359
-0.171053905458
0.0719722830459
0.0435452821209
-0.393166323223
-0.493081438201
-0.357749186745
-1.0
-0.171053905458
-0.425299225907
-0.410887981954
0.280513204509
-0.390041615609
-0.390041615609
-0.402354490366
-0.352701730173
-0.122215983959
-0.706447229742
-0.364705201643
-0.744972317743
-0.691552513776
-0.693112969342
-0.540138556675
-0.611654283596
0.0373398854357
-0.26782563165
0.00584054418132
1