
144.39
27.78

99.56
16.36
23.54
42.57
39.07
38.84
14.09


4.63
5.08
10.89
9.24
55.02


0.72
0.57
-0.66
-49.95


292.006897
1240.393103



-43.841379
1051.089655

0.3593409534
0.273348030513
0.438277393443
1.37037037037
-0.517957820004
0.504965603502
0.415265373991
0.400332607477
-4.7441231435

1.10784798988
1.24400499584
2.34452494551
1.99555901831
0.400332607477
-1.45027624309
-2.43009084866

0.368816402326
0.368816402326
-0.0257875872477
2.0174574401
0.346901945057
2.42606307323
1.28589232303
4.06895726086
3.97624276303
3.97624276303
3.57062962295
2.35817043445
1.64864103778
0.0219144572686
-0.0694609911171
-1