
10.76
-7.21

9.28
-8.02
-5.64
63.72
6.84
4.98




1.96
1.26
-0.66


-0.0065977567627
0.00842459983151
0.0846463906193
0.425985778927
0.406779661017
-0.531758530184
-0.730960264901
0.0431784107946
0.0745171095205
0.0
0.0465232929964
0.0804158385568
0.105757931845
-1.0
0.0431784107946
0.421376393695
0.00997506234414

0.027058279371
0.027058279371
0.0754171301446
0.00141559513979
0.0386249004513
-0.29586426299
-0.377582417582
-0.435435435435
-0.412631578947
-0.412631578947
-0.447047797563
-0.299769408148
-0.0256426842312
-0.0115666210803
-0.0575881112483
-1