
1.01
-13.31

-0.61
-14.24
-10.27
65.35
10.03
7.27




1.85
1.28
-0.64


-0.045950482585
-0.101438304315
0.313282001925
0.0840925017519
0.0991780821918
1.10730088496
1.13805309735
0.12138533961
-0.408959202596
-0.933092224231
-0.265192351993
-0.300240706071
-0.0487368656383

0.12138533961
0.141791044776
-4.79495268139

-0.00161625490649
-0.00161625490649
-0.0345790378007
0.016792611251
-0.0657242063492
2.45421245421
0.259689922481
-0.131115459883
-0.0734720416125
-0.0734720416125
-0.0980557903635
1.07165605096
0.0184088661575
0.0641079514427
-0.314898256831
1