
2.86
-5.33

3.14
-5.14
-1.5
27.69
2.72
1.04
0.24
10.78
5.63


1.75
-0.35
-35.13

-0.0905649096752
-0.0673546852161
0.0211320078932
-0.00623467256887
0.230625987314
0.781081259054
-0.0253524090605
0.169754274166
0.0174048527114
0.00460521139954
0.0149362820417
0.061973546506
0.259750971528
-0.0253524090605
-0.032460690233
-0.0285152196689
0.0509074613619
0.0359436185904
0.0359436185904
0.0483129771192
0.00498287730705
0.00318895054209
0.0534537456938
-0.17395264911
-0.281030165951
-0.336415063087
-0.329773824867
-2.04490442639
-0.0671947075249
-0.0309607412833
0.0327546680483
0.0148116106971
1