
-34.95
-31.02

-40.83
-35.28
-9.82
28.99
2.38
-6.74

9.76
0.67


1.9
-0.17
-14.41

-0.396660041251
-0.0994264201748
-0.113160096499
-0.108547568892
0.030084990097
-0.0239275304631
-0.275198178137
-1.70106505141
-0.156801484589
0.0351014551358
0.0295023289134
-0.177128338812
-0.780813430383
-0.275198178137
-0.12520372801
-0.0288861527741
-0.23299290843
0.0806689860247
0.0806689860247
0.0842554414441
0.0719844749268
0.374328957156
-7.43807125231
0.478642588698
8.44352264542
1.70586415164
1.6410179638
-0.154522063191
-0.164149398905
-0.00868451109792
-0.293659971131
0.193829082524
1