21.56
12.14
7.05
13.87
9.03
4.54
5.48
23.67
12.48
8.05
7.95
6.84
5.32
1.59
3.75
10.32
35.85
25.12


1.43
0.78
0.68
32.71
48.61
154.97
13.655914
249.010753


63.333333
31.548387
193.623656
-0.0210526315789
0.00600739371534
-0.015400893487
0.0183278418451
0.0251256281407
-0.000866551126516
0.100278551532
0.579710144928
0.00936098654709
0.158081006685
0.0
-0.105838663091
-0.116294263687
0.127124183007
0.127450980392
0.00936098654709
-0.0470932120818
-0.167037861915
0.325012360452
0.0831111734718
0.0831111734718
0.0483957060673
0.212610619469
0.0417747046961
0.777883698761
-0.102564102564
2.29015544041
1.84668989547
1.84668989547
0.399696048632
0.390760346487
0.129499445997
0.0413364687757
0.0647833316266
-1