-81.36
-11.03
-12.94
-71.45
-9.21
-11.37
-21.36
39.11
18.55
-12.21
12.01
5.4
2.7


2.46
0.22
15.91
18.91
-0.123485112962
0.161551209811
0.104738486077
0.216549629911
0.0757487922705
0.338760354185
-0.0612159785309
-0.476011707814
0.0
0.129601768553
0.0995553759095
-0.0168997668998
-0.153631284916
-0.0612159785309
0.203933304831
0.206770133203
-0.329248996791
0.0234242463787
0.0234242463787
0.0174177053372
0.0329179996632
1.00111856823
-2.0
0.238876889849
-5.41661173368
-8.14765100671
-2.85556606749
-0.287443267776
-0.0216843166919
0.00949375328454
-0.977694321854
-0.0813142396983
1