66.41
26.66
18.47
45.98
18.62
12.79
19.38
32.84
22.74
19.49
16.67
8.25
12.65

19.15
1.74
0.65
27.82
38.53
0.264119601329
0.0665742024965
0.0102651839179
-0.0278350515464
-0.0389473684211
0.210526315789
0.342857142857
0.120897683398
-0.0823863636364
0.0
1.00200803213
1.33333333333
-0.218965517241

0.120897683398
-0.00732844770153
0.677257525084
0.0373759476718
-0.0715034598448
-0.0715034598448
-0.0720748829953
-0.0703324808184
-0.0247524752475
-0.0991649269311
-0.0
-0.099685204617
-0.131268436578
-0.12389380531
-0.0855018587361
-0.0735970561178
0.00117097902642
-0.0467509845973
-0.0817686437627
-1