57.13
35.93
21.02
39.55
25.08
14.55
17.84
31.5
20.58
17.84
15.09
12.74
16.85
1.98
53.0
5.31
76.51
30.19

18.69
1.46
0.91
1.61
36.79
58.2
62.02
37.043011
207.688172


64.83871
65.806452
176.236559
0.0877192982456
-0.0124269005848
0.167019027484
0.0825842696629
0.0722713864307
0.115489130435
0.0355191256831
-0.00689655172414
0.0412960609911
0.284345047923
0.0
-0.270243902439
0.225
0.118243243243

0.0412960609911
0.0822281167109
0.011744966443

0.121335268505
0.121335268505
0.103419516264
0.162368672397
0.0455445544554
0.271217712177
-1.0
0.259597806216
0.204545454545
0.204545454545
0.166
0.230650154799
0.0410334038922
0.0757907140496
0.0387509988422
1