49.72
38.5
24.95
31.08
24.11
15.6
13.37
48.81
16.56
13.41
11.5
16.06
21.02


0.78
3.38
50.18

0.00392099881836
0.0384391931147
0.164222194264
-0.0650474829818
0.0413584541337
0.329921821543
1.21273848802
0.0430297214603
0.0873477195691
-0.00631875038218
0.28415747356

-0.0835494093921

0.0430297214603
0.0974428997021
-0.475696918885
0.100671226092
0.0599653440526
0.0599653440526
0.0578865319016
0.062154095063
0.0409912668764
0.122390298787
0.162471395881
0.12226827824
0.11898624475
0.11898624475
0.0955165846064
0.105250037393
0.00218875101039
0.0189740771763
-0.104256850212
1