8.43
6.53
3.48
8.43
6.53
3.48
8.71

21.36
13.46
16.61
6.78
2.74
0.48
2.71
68.56

20.45


0.36
0.33
0.97
41.32
70.42
109.63








0.106971948227
0.132629561611
-0.0155662168573
-0.00760228481712

-0.0164267426209
0.745692942318
0.0988520372832
0.00675842561196
0.00178970917226
0.186968526633
0.223127749555
0.143175614875
0.341653280262
0.0988520372832

0.260217570835
-0.361436208866
0.0685309315474
0.0623479157001


0.0862717052695
-0.0329777444383
-0.00179437083876
-0.0491924992335
-0.0491924992335
-0.0491924992335
0.00699880622677
0.00502845961021

-0.0239237895694
0.0779141325574
-1