10.41
7.83
4.73
10.41
7.83
4.73
12.06

24.88
16.86
20.08
10.7
9.16
0.46
3.31
68.31
12.73
13.27


0.27
0.23
1.12
45.48
83.43
95.26








0.184986415273
0.0786624445479
0.331275032493
0.331574485753
0.951477103324
0.067407000576
-0.166407465008
0.189886325868
0.0966987819709
0.0277136258661
0.462386505784
0.41825412815
-0.0585353246359
-0.378544575233
0.189886325868
-11.0774843134
-0.149715964789

0.0609375677882
0.0665711639032


0.0842167482015
-0.0406250067634
-0.0306882407788
-0.0445283473883
-0.0445283473883
-0.0445283473883
-0.00935399527373
-0.0135466819489

-0.0176455842983
-0.264703868589
-1