6.53
5.47
2.62
6.53
5.47
2.62
7.55

22.28
12.85
16.98
12.39
6.08
0.42
2.36
53.85
14.06
13.13


0.3
0.26
0.95
40.2
67.22
120.33








0.0832013965396
0.0984817121083
-0.0110289353667
0.175384929132
-0.212789695517
0.0721981680495
0.475407474554
0.0778970284028
0.0534733510611
0.00847079803834
0.0404717895257
0.0375324506707
0.253232231005
0.585434036617
0.0778970284028
-0.20681722095
0.410685581831
0.391551881285
0.159200288769
0.146469182621


0.101559712774
0.796514305717
0.110012573216
2.17479266844
2.17479266844
2.17479266844
0.586796416816
0.439667841681

0.0449094698474
0.157498117988
1