8.93
7.41
4.03
8.93
7.41
4.03
9.79

22.71
14.88
17.62
10.68
7.47


0.42
1.15
45.1
82.16
0.0851982253919
0.0721559499054
0.978049587172
0.257818082605
2.74809348711
1.20803673938
0.118657698658
0.109293245179
0.00449438202247
0.0840828528249
0.060755046999
0.249377793254
-0.0581031647841
0.118657698658

-0.0174831298013
0.06796420201
0.172563655892
0.175837122035


0.200557841002
0.0345374459277
0.242004884749
-0.0481399919864
-0.0481399919864
-0.0481399919864
0.0292771562582
0.0703567524595

-0.0247207189666
-0.802212465137
-1