34.17
23.6
19.95
21.27
14.95
12.42
20.26
46.66
31.95
20.58
23.99




2.59
2.04
58.38

0.595446716863
0.648139057904
0.264076061822
0.397111572588
0.186469902808
0.798122353807
1.32246244045
0.466537100921
0.220661701766
0.0085382162329
1.95323793853
3.39325842697
0.21526549858

0.466537100921
0.212412565392
0.296814073422

0.156874444798
0.156874444798
0.282719047337
0.04020632875
0.365773161461
-0.201136107987
-3.10305343511
-0.218140543926
-0.214316659747
-0.214316659747
0.0510427578326
-0.0177132651289
-0.116668116048
-0.208898716662
-0.107201617023
-1