-8.18
-5.39
-5.16
-5.55
-3.54
-3.5
-5.7
33.01
16.59
-5.62
18.34




3.24
2.39
63.13

-0.141916914018
-0.157180689831
-0.250557504021
0.120613109946
-0.379113487819
0.0117236523922
0.478103391505
-0.182010205921
-0.087647299837
0.00675537359263
-0.319387576969
-0.482373172829
-0.265961940452

-0.182010205921
-0.313752595043
-0.243463644797

-0.329671131626
-0.329671131626
-0.21806640179
-0.480222099607
-0.00901926903341
-1.229257127
-0.929992169146
-1.24312515876
-1.27271201276
-1.27271201276
-0.465650178885
-0.62856805536
-0.150550967981
-0.320651862593
-0.0791136276048
1