10.07
5.33
2.3
4.27
3.8
0.97
2.94
39.94
24.12
6.03
19.34
3.99
2.4
0.9
2.04
97.46
35.31
19.35


1.03
0.98
0.36
22.8
29.53
279.09
6.278122
213.417205


62.314192
11.651921
273.355022
-0.182142857143
-0.0614924090973
-0.0761870016667
-0.0806281661812
0.0377038324642
-0.119481087197
-0.0383184717566
-0.18103985703
-0.0642316295907
0.0608358404682
-0.040209853031
-0.0592039274475
-0.0861245968892
-0.23479051266

-0.0642316295907
-0.103659212529
-1.19597744557
-0.0392926806981
-0.185327454838
-0.185327454838
-0.102022811232
-0.285072295225
-0.231696343928
-0.486023798637
-0.0791759832851
-0.648733898868
-0.65013840414
-0.691279211049
-0.0962789661532
-0.170703513876
-0.0997448403864
0.0463688890895
-0.104699288657
1