22.84
9.59
5.75
14.47
7.0
3.65
6.23
41.48
20.32
8.52
15.75
4.57
3.71
1.13
3.82
106.32
44.54
29.4


0.1
0.95
0.45
25.2
33.69
242.52
13.740315
220.511993
22.16
48.859825
60.167098
11.343287
238.773531
0.0287769784173
0.14325838601
0.169832281139
0.0842625810415
-0.00438073817956
0.0776086626245
0.110828471166
-0.000683617267551
0.131878697833
0.126565347873
-0.0231129788266
0.180858668892
0.296603003871
0.0112700888316
0.234959434081
0.131878697833
-0.121468398719
-0.935301983508

0.09855618866
0.09855618866
0.114113856639
0.0773359039494
0.0675973141405
0.116771808424
0.163706096084
0.100493435792
0.0937099126645
0.0970788220104
0.0257171005345
0.0482945597548
-0.0212202847105
0.0309588745195
0.0142936076184
1