37.53

16.6
23.82

10.54
11.86
24.84
13.01
12.03
8.51
5.35

1.81

1.73

14.07


3.86
0.28
1.34
44.23
79.3
74.9
201.817794
1701.157651


537.781495

1215.906406
-0.126515387007
0.243916685703
0.165307668991
-0.0179306489535
0.0743576593413

-0.533929511924
-0.533929511924
0.00880576271977
0.0982143441125
-0.0810041407867
0.0321386950107
0.0305291929238
-0.153752338033

0.00880576271977

0.0404533528931

-0.00774519747109
-0.00774519747109
0.0282297262764
-0.102756420576
0.0308268258221
-0.211516629006
-0.038902984173
-0.213498074339
-0.194854289881
-0.194854289881
-0.170424178631
-0.195082421352
-0.0950112231047
-0.0385720232932
0.0101854514824
-1