-4.82
1.38
-1.62
-4.0
1.68
-1.34
-6.35
38.64
15.65
4.39
5.99


0.28
0.39
83.97
20.75
12.06


0.66
0.62
0.57
33.51
50.39
176.47
-4.48192
70.626342


92.983454
2.545584
277.513697
0.0551508844953
-0.00460786262536
0.046506653709
0.224108306671
0.207867820614
0.203446377093
0.235680824485
0.349924134443
0.00457945018831
-0.0241881046595
0.0100250626566
0.00578593648919
0.0391165143954
0.145842204514
2.94168466523
0.00457945018831
0.154622266402
0.0202781914388

-0.115405360523
-0.115405360523
-0.173063250694
-0.00528756105256
-0.166013145966
-2.97625864116
-0.137386882058
-0.567389763821
-0.449176604202
-0.367053208546
0.532061704406
0.563299965909
0.11011779947
0.050607785443
-0.339513667194
-1