1.56
3.72
0.63

3.05

1.93
39.59
19.84
6.51
13.33
11.12
7.54


1.99
0.75
40.54
68.17
-0.039799354493
-0.034922296633
1.96725031461
0.0385443161808
-0.188337337623
4.98749428826
171.606903164
0.0393082430375
0.194266285364
0.149144254279
-0.0371434085513
-0.0667114989171
-0.115165913007
-0.047268907563
0.0393082430375
-0.132810813145
-3.15458042868
0.129788796003
-0.0454597151837
-0.0454597151837
0.0382238971718
-0.150003197733
-0.219439330159
0.550587850187
0.25698657697
2.4771039604
0.856471816284
-1.00527039413
-0.356331061042
-0.186965726706
-0.104543482549
0.173979614976
-2.0127100298
-1