1.67
3.85
0.68
0.97
3.54
0.4
1.84
40.55
21.67
8.48
14.26
10.65
7.59
0.4
1.08
88.47
15.86
5.25


0.79
0.73
0.78
40.79
68.88
129.01
1.687542
91.879186


100.891151
3.746984
247.360803
0.0664814243079
0.005284804913
0.00348952619757
-0.342694465704
-0.0105727682265
0.319126851823
-0.494438939121
-0.643177543047
-0.0219513432812
0.0153269913533
0.00623700623701
-0.00672603119216
-0.0250499481666
-0.274400748984
-0.987110321986
-0.0219513432812
0.558749146963
0.212419209118
-0.199338557818
0.23661328301
0.23661328301
0.192930659519
0.306776832649
-0.0432124300372
-4.4124656666
-0.420893172603
-1.1315718198
-1.10919976572
-1.11418409479
7.22193290541
1.51724264123
0.0701635496386
0.279825713048
0.579307748714
-1