11.32
8.85
4.25
7.93
6.89
2.97
3.21
28.82
11.0
5.2
8.04


2.04
4.59
6.48
51.34
24.91

3.79
1.25
0.66
1.37
37.48
59.96
111.46
5.77049
179.686092


50.954493
40.929533
135.931391
0.0409667673716
-0.0390623062458
-0.0587554305465
-0.0264050240253
-0.0109992465702
-0.0531598226004
0.022546883511
0.259114698838
-0.0335660595536
-0.0116038957383
0.00210970464135
0.189838193226
0.77070696507
-0.174060768655
-0.312012474131
-0.0335660595536
0.0230097174708
2.58801777778

0.102308214383
0.102308214383
0.129173362632
0.041127607382
0.0861094025323
-0.123577412686
-0.282490869757
0.0160667198136
0.0490568311939
0.0490568311939
0.0582911241799
-0.0347351353803
-0.0611806070011
0.0161988118509
0.128713238408
1