0.66
2.71
0.19
-7.1
-0.33
-1.99
0.13
26.24
9.45
1.26
6.79
4.51
2.3

3.97
1.52
0.64
27.95
38.8
0.0687138091682
0.0632833349324
-0.11829845815
0.0208884818527
-0.160168657451
-0.136025980813
-0.0218245266998
-0.219322549952
0.004158004158
0.553716047427
1.0927131977
-0.256266748375
-0.722223552455
-0.0218245266998
-0.113243193105
0.363167751386
-0.451353749092
0.0598033609322
0.0598033609322
0.0689047050937
0.0350317449835
0.255011103741
-0.768346952927
-0.505930009187
-0.958659539349
-1.2400525446
-1.61742022967
-0.0499795987987
-0.0863424470014
-0.0247716159486
-0.195207742809
0.178101819082
-1