18.97
11.59
7.74
12.44
7.85
5.08
8.44
24.12
14.33
8.78
11.09



1.41
1.12
1.34
40.8
68.93
0.119464944649
0.101336573512
0.145328719723
0.226666666667
0.0570613409415
0.0951008645533
0.216216216216
0.127693033496
0.169464428457
0.0
0.0582241630277
-0.0483383685801
0.149220489978
-1.0
0.127693033496
0.238866396761
0.114537444934

0.159816546128
0.159816546128
0.167563772525
0.136103151862
0.177362893816
0.0705009276438
-0.521739130435
0.125760649087
0.163538873995
0.123456790123
0.155309033281
0.113475177305
-0.0237133942656
-0.0175463476876
0.0144878264049
-1