20.87
16.74
12.87
12.19
9.88
7.51
15.04
32.53
22.52
16.83
14.48
6.7
8.04
1.1
72.0
6.39
34.65
32.87

1.17
1.68
1.07
3.76
61.64

28.27
39.071429
259.75


187.214286
41.928571
303.714286
-0.0344827586207
0.0922389272653
0.0989778110197
0.0437103770437
-0.106048703849
0.116427432217
0.175934366454
0.534270650264
0.0738729637581
0.0871007880547
0.0
0.126817447496
0.0165094339623
0.00430338891877
-0.508474576271
0.0738729637581
-0.180739706909
0.108084358524
-0.00638649761205
0.0107003891051
0.0107003891051
-0.00385708485587
0.0422907488987
0.00263388937665
0.0822281167109
-0.556313993174
0.305489260143
0.191452991453
0.810198300283
0.413422818792
0.075508864084
0.0315903597936
0.00806649972841
-0.0330099879387
1