15.0
12.16
6.09
11.02
9.97
4.47
7.78
32.09
15.41
11.67
9.45
6.79
6.29

1.91
1.45
1.23
40.58
68.3
0.0100805843117
-0.0387102910405
0.239552818796
-0.168172957647
1.20230263158
4.38789759503
0.08706377858
0.142886833628
0.00595238095238
0.241453585325
0.260795410497
-0.116138577241
-0.957095709571
0.08706377858
-0.049489638107
11.6653465347
0.19753958193
-0.124021885001
-0.115727805318
-0.165290692622
-0.021632887739
-0.0824327187964
0.106568364611
-0.265867731913
0.484030589294
0.357976653696
0.358744394619
0.0917755991285
0.0273412947832
0.0940949175787
-0.0332950865214
-0.355280624114
1