24.18
15.16
7.97
16.56
11.68
5.46
9.24
32.2
16.0
12.45
9.88
9.65
12.09
1.2
3.64
8.5
60.0
23.61

1.81
1.25
0.89
0.84
32.96
49.16
118.78
22.994253
248.729885


95.103448
54.413793
288.557471
0.0235294117647
0.0301060338298
0.0646400351185
0.0361566591955
0.245172329504
0.070178041543
-0.140943981708
-0.185837167433
0.0322149582665
0.18870770778
0.0
0.0110388940473
0.00750137892995
-0.0830779263124
-0.977216238608
0.0322149582665
0.136887608069
1.16553428042

0.0594355095347
-0.00621771804852
0.0611506888945
0.0558417942112
0.0579423053114
0.0525288029682
0.0250922509225
0.062400424854
0.0715402658327
0.0715402658327
0.0237068965517
0.027452144235
0.0620595122598
-0.0641600233599
-0.042374377244
1