6.48
7.2
4.17
6.48
7.2
4.17
36.76
100.0
91.86
66.55
62.06
13.91
15.09


1.16
1.85
64.33

0.0623956608451
0.0626844157226
-0.342104142717

-0.626826936211
-0.626826936211
0.056064708348
0.104293401965
0.0807799442897
0.11865450986
0.121161136125
-0.841482574748

0.056064708348

-1.03525582779

0.101840220116
0.106080054569

0.101840220116
0.0267187953494
0.143900433976
0.316077834013
0.0342502190512
0.0342502190512
0.0342502190512
0.0203533026114
0.100559738789
-0.00423983445299
0.0793612592192
0.448184197286
-1