4.17
5.32
3.06
4.17
5.32
3.06
27.7
100.0
74.8
48.85
53.64
16.22
13.97


4.45
2.84
73.41

0.04948825034
0.0511135344061
2.55352057986

0.140168201842
6.96504392387
6.96504392387
0.0739032821084
0.225553377945
0.143041237113
-0.202632294063
-0.216907454801
-0.0730590178706

0.0739032821084

18.9456419869
-0.00704555331932
0.0456936920904
0.0424954589285

0.0456936920904
0.599122019355
-0.23242637965
-0.257359941755
-0.212220692577
-0.212220692577
-0.212220692577
-0.0962148502608
-0.148479362561
0.00319823316183
-0.556626560427
-2.51102512093
1