6.37
7.26
3.92
6.37
7.26
3.92
38.2
100.0
92.01
65.55
64.67




0.13
1.91
61.52

0.109579855822
0.114408716703
0.185362802335

-0.0342776203966
-0.0342776203966
0.110137259413
0.223601673843
0.17094017094
-0.167433192749
-0.172680296239
4.84215298918

0.110137259413

12.4816145032

0.132483911306
0.128053689197

0.132483911306
0.107086443795
0.146303556921
0.0717169318452
0.206403878046
0.206403878046
0.236909796399
0.176968701748
0.132594624609
0.00443022210917
0.0209672454018
-0.0573091131381
1