13.55
10.68
7.74
9.53
8.02
5.44
10.25
34.23
15.74
12.23
10.72
9.0
9.3

2.44
3.04
1.95
57.09

0.0397231806164
0.056472871873
0.0487408429651
0.0229904051452
0.00645038033614
0.433528939925
0.437867733584
0.0434327999124
0.110065282508
0.0
-0.085627827722
-0.127512441606
0.101257954563

0.0434327999124
0.0082647287765
0.0248393050931
0.0473044930259
-0.0408807140234
-0.0408807140234
-0.0448562749831
-0.0331475085291
0.00204010435627
-0.0905698673878
-0.263666192039
-0.0473188803725
-0.0473250349435
-0.0473250349435
-0.0484974797866
-0.0820116091709
0.00773320549435
-0.0429208183797
-0.0896215569885
1