9.4
9.85
4.18
7.1
8.36
3.16
5.71
32.97
14.41
10.03
8.7



2.58
1.18
1.86
44.5
80.18
-0.0781291017647
-0.0872631125632
-0.0296506814062
-0.0447239564766
0.22668677613
2.15113687026
-0.0606652792128
-0.0553667993527
0.0
-0.418854791136
-0.460875211605
0.732146145558
9.22946371306
-0.0606652792128
-0.0607458976568
-0.721524167405

-0.0221585987644
-0.0221585987644
-0.00444118261354
-0.0563105818937
0.0277261170746
-0.205000154851
0.413785383016
-0.402631498299
-0.40210774101
-0.40210774101
-0.252011624586
-0.153520447974
-0.0341519831293
-0.049884715839
0.00749208264179
1