15.67
12.52
9.64
10.89
9.15
6.7
11.61
34.01
16.41
13.14
11.34
9.91
11.72
0.95
8.56
3.39
59.26
25.98

2.3
3.28
1.37
2.4
61.52

41.72
42.618297
367.103372


271.914041
142.323936
442.030956
0.0134453781513
-0.00708989676322
0.0162563995329
0.021570894791
0.00552548517862
0.0920543894178
-0.0940481799976
0.166625746788
0.0047603460722
0.0826349875371
0.0
-0.120875825478
-0.165852303704
-0.0512711374309

0.0047603460722
0.0272222022734
0.057194703641
0.2689688695
0.105515843025
0.105515843025
0.109102896865
0.0986228548222
0.04897256386
0.187897634098
-0.143097360013
0.251820580475
0.237786069939
0.237786069939
0.169398185547
0.15247480782
-0.00689298820251
0.0565432791647
0.0839449482337
1