6.11
2.37
1.0
3.54
1.93
0.58
5.56
25.5
19.02
13.5
8.74
14.75
9.24
0.19
1.92
44.34
5.08
15.41


0.58
0.49
0.21
16.39
19.61
487.39
4.307519
77.482562


70.493524
-0.475534
430.06626
0.352888410477
0.369271894994
0.338768048671
-0.611392281228
0.264958085365
-0.746856681023
-0.640605481211
-0.91073946578
0.289554259382
0.00835886200606
-0.00538314637613
0.357831530253
0.612069263413
0.495582326373
1.22900173779
0.289554259382
-1.12247128334
-1.49805897657

0.0208974104357
0.0208974104357
-0.0247599318646
0.18268202843
1.29764128784
-0.173688345701
-0.301443427287
0.118470738118
-0.0451434898622
-1.44169578165
-3.88638718794
-0.0772946592441
0.161784617994
-1.27674387741
0.632289691664
1