9.91
9.86
8.92
3.63
3.64
3.27
14.05
47.8
19.1
14.12
10.13
11.24
19.79

3.8
7.43
107.92
90.06

-0.0965065502183
-0.0571948843004
0.115419516106
-0.0699647031523
-0.117192855388
0.282691589044
0.338156649267
0.0366245755832
0.0314342798488
0.0141987829615
-0.146498304688

0.114009066995

0.0366245755832
-0.128028446585
0.115639316452
0.109182306817
0.0549678659333
0.0549678659333
-0.0993834350588
0.297846030528
0.0809402494469
1.48996697993
19.3684210526
1.47917527083
2.17243821259
1.33985430138
0.76326095811
1.07274005782
0.242878164595
-0.0259723835135
-0.0604516501729
1