12.19
12.09
10.99
7.2
7.16
6.5
13.49
43.4
16.73
13.18
11.53
10.42
24.05
0.89
240.31
2.69
40.43
11.53

2.98
7.34
3.84
80.71
90.22

1.24
36.452476
270.257188


299.131789
122.28754
331.549521
-0.0867979576951
0.0264618286172
-0.0242230601109
0.00902697957646
0.153593903143
-0.139630971247
-0.0762321052753
-0.0826895595835
0.0153128550446
0.0354243848493
0.0103092783505
-0.0663983903421

-0.147559254912
-0.974732750243
0.0153128550446
0.0957288446124
0.0391414198998
0.0670767967782
-0.0924885877816
-0.0924885877816
-0.146974596049
-0.0100024272827
0.111000043461
-0.207887629269
-0.630662020906
-0.228401636573
-0.209866819419
-0.215414157284
-0.0177563973403
-0.0811624547565
0.0824861604989
-0.203488631243
-0.101515567358
-1