10.07
4.89
2.9
6.0
3.68
1.73
11.78
85.36
30.23
18.36
18.89
10.26
7.65


0.88
0.43
28.77
40.4
0.0385240977097
0.0433415133518
-0.123619411157
0.0653804930332
-0.169122951664
-0.584263065179
0.0324335949849
-0.0061731793053
0.00249713869525
0.0732645491551
0.139723839289
-0.262331786811
0.533333333333
0.0324335949849
-0.216713255848
-0.652525963739
-0.145583118181
-0.0192877597607
-0.0366558201382
-0.0795216480447
-0.00815683491147
0.0349925296847
-0.139113078191
0.342738510899
-0.282969432314
-0.293089790783
-0.293089790783
-0.103067862166
-0.0686105368218
0.0284989852268
-0.0716483498229
0.0869635910191
1