17.02
7.75
5.69
10.71
5.58
3.58
18.83
86.95
32.5
21.43
22.93


0.31
3.52
298.59
17.35
1.88


1.85
1.81
0.52
33.45
50.26
190.8
104.072848
552.68543


611.559603
25.60596
1828.317881
0.00332225913621
0.0713391586078
0.0477301928651
0.0376737381127
0.152577319588
0.0716759925393
0.0216031836271
0.0604203152364
0.0695562563439
0.11013536257
0.0
0.0519161597935
-0.00191132826889
0.0136687797147
0.0912698412698
0.0695562563439
0.339279528923
0.0674811413578

0.109382269664
0.109382269664
0.234087173383
0.0928161070996
0.103781296358
0.0605907823714
-0.0413899955733
0.0763698630137
0.0593778444076
0.0593778444076
0.11924539339
0.101785460381
-0.0165661625643
0.00560097330585
0.0717085315512
1