-15.37
-12.66
-10.22
-7.92
-6.13
-5.26
-8.16
41.1
-3.33
-5.59


2.84

0.99
2.88
7.05
66.51

0.190408230999
0.281291482019
-0.0883667363905
-0.431977380152
0.570768239078
0.503455244522
-0.0175552615968
-0.0612660385398
0.0208333333333
0.353714676135
0.481723136496
0.0037616738798
-0.160630841121
-0.0175552615968
-0.58994139457
-0.130873772997
-0.558744621406
-0.199740092522
-0.199740092522
-0.113526481765
-0.297626229899
0.00926557686795
-1.45673477686
299.649635036
-1.6665564615
-1.4954363843
-1.49566648059
-1.18976562738
-1.23817811945
-0.0978861373766
-0.20900566939
-0.111373356132
1