21.17
18.17
12.51
13.01
11.94
7.68
7.23
44.02
9.95
7.71
6.69


2.23
8.47
7.39
48.14
38.77

0.6
3.76
2.72
3.21
59.08

31.51
24.289957
335.828161


114.724725
54.179513
194.179847
0.109589041096
-0.0440404040404
-0.116503560874
0.158844850366
-0.0907203002197
0.117355536555
0.433305480526
0.431185662499
0.122054629974
0.165940419471
0.025641025641
-0.0508678497496
-0.0508678497496
0.181710621387
-0.666986871598
0.122054629974
-0.0801581636699
0.150779111962

0.0936139742395
0.0936139742395
0.0661365649103
0.130668333886
0.0588538633802
0.661555265243
-0.399724068732
0.880087809917
0.898569184393
0.898569184393
0.51034420859
0.479573449916
0.0370543596468
0.0347601108592
-0.0652308761267
1