3.61
1.52
1.23
16.09
6.24
5.48
14.83
66.53
53.27
35.4
84.08
22.15
13.61
0.09
21.07

75.61



0.22
0.22
0.61
34.05
51.63
164.58
132.516525
893.31067


3675.354108

10793.274788
0.300982800983
1.55564737921
1.96895115255
-0.0423673085956

0.43665312143
-0.607742067624
-0.607742067624
1.46751249453
0.625215094015
0.000413987138264
2.24074321412
2.09815080799
3.342302677

1.46751249453

167.736882129
0.432790348881
1.09749413554
1.65845351438
0.913545626515
1.20408041771
1.095742334
1.30904740892
2.92360901043
0.470261605674
0.470261605674
2.11861444703
2.02019994912
1.42803732914
-0.454373096675
0.562711180387
1.70082082298
-1