1.62
3.18
0.68
0.86
2.84
0.36
7.28
64.64
53.83
31.3
26.38
16.07
14.15
0.1
1.25

72.87



0.96
0.96
0.79
41.84
71.95
126.17
74.077003
1018.065557


4566.532778

10913.191467
-0.0803827751196
-0.012658853638
-0.0178395358789
-0.405330139801

0.0755761219646
-0.5271423835
-0.5271423835
-0.0452257861706
0.110840881851
0.000823604091504
-0.126835817045
-0.123018872104
-0.188228397842

-0.0452257861706

-1.09385417048
0.332560956656
-0.0662881661814
-0.173895491492
0.0135488332298
-0.104852555075
-0.0596039090202
-0.148496433984
-0.261052724238
0.713061892386
0.713061892386
-0.895634948121
-0.548638561044
-0.0768207300099
0.0690429364172
-0.114291582472
0.231434648309
1