6.96
5.49
2.39
4.23
4.34
1.45
1.87
12.41
5.25
2.95
3.43
12.9


0.8
2.36
0.73
34.37
52.38
0.31876478318
0.301667047271
0.216968011127
0.317070350887
0.246790540541
-0.00974218842818
-0.00865051903114
0.272551158052
0.360317743663
0.195729537367
0.245721089448
0.223983653914
0.194694146021
0.00250941028858
0.272551158052
0.335493893293
0.233944187601
0.188616264473
0.212825745515
0.212825745515
0.228818272832
0.110830837143
0.209773674136
-0.120105124836
0.343544857768
-0.266689726738
-0.343086361491
-0.22721822542
0.0563838438601
0.0223137658771
-0.101994908372
0.00305207137936
-0.00414226561141
-1