15.44
8.86
5.07
8.52
5.97
2.8
3.55
13.89
6.85
4.8
4.02
8.8
5.98
1.82
3.6
5.49
26.51
21.05


1.88
0.66
0.72
32.83
48.88
150.42
5.96381
168.154286


38.632381
33.180952
117.662857
0.0235913433418
0.147444441001
0.0627473443033
-0.0282652219998
-0.0546117218271
-0.0175332527207
0.176056338028
0.0542452830189
0.069921712623
0.0666877037972
0.0
0.0233170907778
0.0686898731236
0.192702187528
1.30202774813
0.069921712623
-0.0649991948902
-0.196665744328

-0.0173093192039
-0.0173093192039
-0.00102498061735
-0.107519836937
0.0137661025511
-0.272555421894
0.0637065637066
-0.345389922643
-0.347055098163
-0.416948008103
-0.280056864338
-0.222336460609
-0.0902105177329
-0.031075421755
0.0109559027959
-1