32.01

23.4
23.57

17.23
42.75
98.98
46.92
41.9
36.5
20.31
18.48

10.75
2.04
34.23
73.11

1.51407602454
0.0953446732319
0.0387837277586

0.331276228092
0.000763682102885
0.0731815525024
0.464410834138
0.508732468154
0.0138888888889
0.938877755511

0.321836879015

0.464410834138

-0.1387761892
0.571524680728
0.301621465553
0.301621465553
-0.164473684211
0.309180386901
0.287163045579
0.340413521708
-2.981264637
0.386802943581
0.39549903902
0.39549903902
0.44096807579
0.378744333501
0.00755892134771
0.0144584199738
0.262837737794
1