17.73
12.28
7.65
14.86
10.67
6.41
6.33
23.15
13.01
8.52
9.79
7.67
7.3

0.39
1.36
1.26
43.16
75.92
0.171582872312
0.0841001418212
0.0900309504263
0.129130354651
0.0903583655684
-0.181969525307
0.145221721424
0.18249105054
0.0
0.0990946110277
0.12954841319
0.148913952812
-0.129164017494
0.145221721424
0.000841946204329
-0.0472693604359
-0.0978832740644
0.104777103941
0.104777103941
0.114076175413
0.0749853719323
0.128371657933
-0.00581643974943
0.240867003367
-0.0698014613839
0.104480408201
0.0977798965558
0.0987681417109
0.0283060410881
-0.0297917320091
-0.0235945539913
0.0147461535151
-1