13.57

3.98
8.9

2.61
8.65
58.5
21.81
12.68
14.8
6.9
4.5
0.54


29.03
32.56


0.75
0.75
0.53
29.3
41.45
196.57
67.423585
779.212857


497.003406

1696.123031
-0.0305406520842
0.0142286723269
0.0125005643428
0.0676720174699

-0.0641445074245
0.147662652457
0.777478374034
0.0199424415789
0.0592799196463
0.0108514190317
-0.0472820057212
-0.113975816102
0.258800581996
55.578749058
0.0199424415789

1.66912258384
0.106905320304
-0.0335052254064
-0.0637436580522
-0.150797341896
0.0714773173016
0.0603127082119
0.113853285411
-0.0342736654618
0.199515280039
0.187504304507
0.187409981482
0.0849144248404
0.0769930200118
0.135220975354
-0.124056366264
-0.131415675522
1