11.98

3.38
7.94

2.24
6.97
52.77
19.57
11.0
13.19
6.71
3.16


0.88
0.47
28.21
39.3
0.03144361779
0.0171608218665
-0.0466677014947

-0.0346781951145
1.47414674798
0.022486744788
0.0619420508536
0.0196412203745
0.0252071592257
-0.0125377876176
-0.0699457731494
-0.830588535682
0.022486744788

-0.211935560228
0.0240858783894
-0.11699257207
-0.0985555949414
-0.177645224401
-0.0545813005477
-0.0685645648475
0.00254495771233
-0.280027155977
0.29690201163
0.428796352484
0.434766207994
0.11996519758
0.00207915384657
0.0439742943937
-0.0299910300939
-0.0518878934467
1