6.81
6.44
3.43
6.42
6.24
3.24
21.87
65.03
56.51
40.58
36.55
15.52
16.03
0.16
2.27

4.8



1.66
1.66
1.09
50.41

92.1
37.630593
172.080125


552.456816

1095.952133
0.108419838524
0.288211010595
0.294239157487
4.69548639736

0.282305005821
5.64487853744
8.71899816738
0.342736136751
0.347199208293
0.00108208955224
0.781988206911
0.854457663038
-0.712450277411

0.342736136751

-1.20665040635

0.195683453237
0.195396545541
0.215488427824
0.185299887583
0.159426523297
0.201453660108
0.468935402724
0.0394653636102
0.0394653636102
0.111879218704
0.147288293248
0.200087323907
-0.010096657958
0.035970022244
-4.50008985182
1