3.23
6.1
1.74
3.13
6.04
1.68
10.77
63.16
53.4
36.42
27.41
14.25
16.63


0.63
1.22
53.75

-0.0271632150357
-0.0249767394314
0.428606903402

0.632869812767
1.38742755239
-0.0226221580038
0.29479801686
0.237068965517
-0.214376326455
-0.210159521125
-0.526357799757

-0.0226221580038

-0.779643899976
0.0307873473119
-0.0267263075308
-0.0299019166265
-0.023872936607
-0.0283825566041
0.0112010449031
-0.0555351931039
0.300549494306
-0.428210257265
-0.428210257265
-0.46747239231
-0.25883568527
-0.0457831776051
0.00151936002241
-0.0411029615296
-0.458508820029
1