13.47
10.54
5.75
8.29
7.47
3.54
4.93
30.53
6.54
6.54


5.8


1.6
1.47
42.67
74.42
-0.0567247859644
-0.0470097698565
0.00149791180938
-0.0403281453653
-0.0288457913981
0.182385896382
0.191212536892
-0.0312391183553
0.0916054805778
0.0
-0.292847879743
-0.353756746549
0.227790243497
5.86665064873
-0.0312391183553
-0.0527997565429
-0.233243390029
-0.611662581765
-0.0193251568308
-0.0193251568308
-0.0230212207041
-0.0108083956554
-0.0730115024204
0.311884935655
0.247992863515
0.334132055378
0.215698587127
-0.128613124941

-0.125534762291
0.00851676117541
0.0536863455896
-0.0208230686402
-1