6.19
7.58
2.48
1.8
4.54
0.72
1.63
26.06
5.36
3.4
2.43
5.79
1.59
2.63
2.71
3.68
61.1
26.62


1.78
0.8
2.25
40.02
66.72
44.37
3.75
229.82


60.586875
84.435625
151.393438
0.0322580645161
-0.0563987067613
-0.0810600738405
-0.186286710084
-0.140611353712
-0.284275892913
-0.0274785936848
0.606840193705
-0.157502169463
0.185471888471
0.168407693059
0.255117834302
64.5970695971
-0.403424529732
-0.998509554424
-0.157502169463
-0.201846840992
0.525741163873
-0.0948757477876
-0.0513608026407
-0.0513608026407
-0.0586565342704
-0.0300269290733
-0.156569721821
1190.28571429
-0.554578428689
-1.41091668664
-1.27993174709
-1.15213593081
-0.401766299803
-0.253579003181
0.0213338735675
0.105208919181
0.134925907443
1