-1.98
1.44
-0.58
-0.78
1.82
-0.23
-1.33
22.32
6.46
6.14

18.61

0.48
1.41
0.77
2.4
6.51


10.15
3.86
0.47
29.15
41.15
212.31
-15.846452
1193.385806


802.402581
1535.673548
2752.416774
-0.03125
0.309975600411
-1.0
0.131988660455
0.202991307415
-0.513490059956
0.0426261992673
0.228041218418
0.146217298017
0.426950100735
0.862948960302
0.137922415517
0.141371422446
-0.279167185572

0.146217298017
0.204521762716
0.207267955864
0.117493433717
-0.215904139064
-0.215904139064
-0.304417955302
0.407442761103
-0.240879281399
-2.12397267056
0.170359570753
-0.887826309348
-0.11296058107
-0.0997229916898
-0.013691416535
-2.2719938696
0.623346900168
0.0249751423353
-0.347892799519
-1