17.01
12.9
6.75
13.47
10.69
5.34
5.34
30.65
8.83
6.88
6.17


1.99
5.93
8.12
54.26
30.72

0.27
1.4
0.97
1.65
39.69
65.81
90.29
5.529074
103.607037


32.509815
19.533148
81.908519
0.0384615384615
-0.118090789073
-0.103363168408
0.145961184217
-0.196766409829
-0.0571923743501
2.37974267468
0.353462065814
-0.000874194983883
0.0734954199127
0.0
-0.366409938481
-0.510047248727
0.440385254068
68.990616622
-0.000869677180348
-0.128056542945
-0.239428511003

0.184797570593
0.184797570593
0.221584505047
0.109212875514
0.0888426706844
0.185848068511
0.375915896782
0.140276504736
0.106756756757
1.22942008487
0.640161405174
0.150971529752
-0.0755846950787
0.0959548999086
0.0388363863758
-1