6.34
6.26
3.26
4.06
4.44
2.09
2.66
34.82
8.39
4.23
5.87
10.11
14.78

1.65
1.35
3.97
51.39

-0.0692478383962
-0.13399339934
0.0664586878427
0.112866817156
0.0941843452816
0.217116599655
-0.00854230980674
0.00693631957212
0.042030934768
-0.455394004667
-0.991476172026
0.368576104746

-0.00854230980674
0.0152193375112
-0.346687555953

0.097597367817
0.097597367817
0.0794896957802
0.133182076007
0.032474408754
2.8417721519
0.691729323308
14.28
3.17948717949
2.85039370079
0.199572344975
0.51256281407
0.0355847081898
0.065122959063
0.0311386799743
1