11.95
8.84
4.88
8.11
6.68
3.32
2.98
32.43
7.46
5.29
4.2
4.26
7.62

1.3
1.52
1.29
40.89
69.18
-0.00751879699248
0.00318102949682
-0.306430899931
0.0975609756098
0.00147601476015
-0.525887333116
-0.612170385396
-0.159078387178
-0.0444042316258
-0.977319587629
-0.0199519674857
-0.00823892893924
-0.373099891422
-0.989823874755
-0.159078387178
0.0812407680945
-0.128130671506
-0.0231361123974
0.128185138074
0.128185138074
0.140235669572
0.103875201189
0.0372584457111
0.64592760181
0.716216216216
0.5953307393
1.77941176471
1.77114427861
0.365680473373
0.342931937173
-0.0243099368854
0.0909266923628
0.434616038005
-1