-0.24
4.05
-0.08
-0.42
3.98
-0.15
-0.1
30.49
7.55
4.78
2.6
13.48
8.34


4.28
0.71
35.33
54.64
0.0285948325455
-0.0110278904246
-0.0441380849488
-0.0294206264516
-0.0301974661264
-0.129978255894
-0.0186105715947
0.0616206409998
0.0
-0.0503013484064
-0.0933625433586
-0.0811480085141
-0.645911998151
-0.0186105715947
-0.0633551025793
-0.0322537413447

-0.00651697176496
-0.00651697176496
0.00718757769591
-0.0364136910876
0.138494841562
-0.472457444671
0.460412611911
-1.01732448163
-1.04843387471
-1.04843387471
-0.601300929806
-0.370184799584
-0.0298967193227
-0.145011813327
0.0376211131839
1