9.37
7.93
5.17
6.51
5.85
3.59
6.11
41.47
13.31
8.81
8.75
12.86
17.41

2.84
2.05
2.67
55.2

0.0890315660667
0.0678779212242
0.224386207471
0.381466958352
0.10746228919
-0.102130054752
0.152037060664
0.0449175682023
0.0176164273818
0.0236855740909
0.0
0.748834519528

0.152037060664
0.29096059843
-0.0481588493336
0.0410134079782
-0.0399806636226
-0.0399806636226
0.066324375215
-0.15840792006
0.0193930808424
-0.488914303288
0.997605893186
-0.615157234016
-0.600948103404
-0.600948103404
-0.427923220619
-0.391848640305
-0.118427256437
-0.059373744465
-0.264366871093
1