18.3
14.79
11.66
11.38
9.36
7.25
12.79
47.44
17.8
13.07
12.68



2.91
1.89
3.63
63.73

0.260994314251
0.0928784128393
-0.0887258750906
0.00242241651315
-0.301104668233
-0.707156004378
0.110049898424
0.110091244441
-0.0592980413246
0.0482426780349
-0.0441470345586
0.174947560226
0.207458631761
0.110049898424
-0.0134444374036
-0.271566574839

0.0482271675382
0.0482271675382
0.0531930461521
0.0427790750371
0.0233028628996
0.0977322149736
0.343309859155
0.0933211055594
-0.0305193149955
-0.0876775993973
-0.036754069351
0.0882474296728
-0.00544809250105
0.0249243046386
0.136953042629
-1