8.64
6.68
5.54
8.64
6.68
5.54
9.06
29.18
22.83
9.95
21.94
16.37
16.87
0.65
8.46
5.46
4.78
12.57


6.0
4.25
2.17
64.11

46.0
37.197194
410.545052


430.629247
66.307976
671.691285
0.0636292223095
0.378973050958
0.420549731655
0.0951222646785
0.144311935886
2.56005788712
0.0535132313658
0.0356910290251
0.254104068561
0.304963396156
0.0537745604964
0.17163227148
0.00016838710665
0.176368340205

0.254104068561
0.0930374121915
0.0802092414996
1.28227790644
0.409312631835
0.414160749202
0.353760819254
0.565197672511
0.0875350994995
9.359056003
-0.647604107245
-6.79907887162
-6.81917966493
-6.81917966493
0.970847271376
0.672487644152
0.151036923309
0.326625649703
0.319038484524
1