-55.16
-19.62
-18.44
-35.72
-12.01
-11.94
-56.97
74.96
67.56
-53.01
83.67
3.55
2.29


1.01
0.64
33.43
50.23
-0.0124329810112
-0.0149374716222
0.0365114251522

-0.212616978238
-0.261529582978
-0.00553469415979
-0.246242279872
0.0147058823529
0.213999150422
0.415630550622
0.0900393823667

-0.00553469415979

-0.888222464558

0.0829058217025
0.0786810008802
0.349428596012
0.0158852235556
2.23517843121
-2.54861673486
0.204636785162
-2.84103935087
-2.85883712088
-2.85883712088
0.524331685132
-0.0247673802226
-0.0627957773246
-2.15649743033
0.0421695757279
1