54.68
16.57
10.3
37.67
11.48
7.1
9.36
21.75
5.14
1.89
9.7
10.26


4.61
1.51
0.43
18.84
23.21
1.23772301843
0.631633932303
0.558005568535
1.19221601558
0.582397660819
0.153770410206
0.0938811237391
0.798371498904
0.507599728458

0.638872552689
0.09414959828
1.28695814085
45.722280887
0.798371498904
1.23415678451
-0.0412484601984
-0.204325655505
0.204882986528
0.204882986528
0.272575435614
0.0113773037066
0.0797170414352
-0.392437468524
-5.8428498814
4.95825016633
3.01348492861
3.28074588031
1.40993022878
-0.086540022731
-0.193505682821
0.125165945092
-0.353122582007
-1