21.9
20.54
16.35
13.58
12.78
10.14
10.65
28.04
10.92
6.55
10.97
8.96
9.77

0.45
3.63
13.67
74.66

-0.195884470395
-0.0384565132181
-0.101155468607
-0.455174956978
0.132251346134
0.213618703565
-0.129704611074
-0.128907770882
0.00658156278988
-0.343517753922

-0.0477355029864

-0.129704611074

-0.119923333664
-0.331174322124
-0.066430020284
-0.066430020284
-0.170479824393
0.376906659971
0.086393018746
10.125813449
5.95005428882
8.03906673901
8.35597826087
8.35597826087
3.16222114452
3.33637747336
0.443336680255
-0.15282303903
0.0347254483227
-1