21.31
16.87
12.4
13.21
10.49
7.68
7.7
26.62
10.12
7.05
7.84
4.84
10.39

0.83
2.5
3.72
58.18

0.370567500881
0.187562279192
0.00496517575362
-0.102128299616
0.650613967767
-0.189551133942
-0.206795843864
0.106770577727
-0.137585613062
0.00048271019835
2.16963162624

0.457822994864

0.106770577727

-0.167186091919
-0.419418538983
0.159746940601
0.159746940601
0.182490631715
0.101365366643
0.0569125040907
0.24702671086
-0.814716450555
-0.160934029654
-0.161003001259
-0.161003001259
-0.170929216429
0.0738855738856
-0.0583815739582
0.102834436511
0.154781764848
1