46.23
40.55
30.76
29.12
25.57
19.38
19.32
37.74
22.67
18.91
15.93
7.46
11.1

1.22
2.95
7.04
66.53

0.147153434722
0.233591947997
0.389816011556
0.0396865777959
0.337715824489
0.469482391277
0.406611713666
0.309005394236
0.200131027254
0.016519584402
0.963689398511

0.487627103392

0.309005394236
0.154734875701
0.344452945677
1.41544426344
0.288433657516
0.288433657516
0.265071037036
0.328914540256
0.248558409613
0.419926468909
2.73184357542
0.438673582641
0.416209520439
0.416209520439
0.390340396155
0.400954923117
0.0404808827405
0.0398752479026
-0.10138235404
1