1.29

1.03
0.77

0.62
0.93
22.84
4.7
0.88
4.39


1.28

3.17
36.71


0.52
5.53
2.89
11.58
79.91

8.64
1.1536
123.7776


89.2624

111.7112
-0.0317583268784
0.0121371606563
-0.152607528832
-0.0750596539617
-0.0329264662102
-0.018965302823
-0.144199122326
-0.219049622795
-0.0530381120304
-0.0754762319057
0.0
0.284762031729

-0.04400166044

-0.0530381120304

-0.0816409557215

0.0624759655002
0.0624759655002
0.0863346011756
-0.0109164194144
0.183959305972
-0.807232346241
-0.914313534567
-0.820891814681
-0.820858386896
-0.820858386896
-0.362723004695
-0.433740564937
-0.0733923849146
-0.121483340472
0.137535619462
1