17.22
9.4
2.92
31.52
12.62
5.34
2.21
40.56
9.12
5.56
7.61


1.75
1.76
20.38
25.06
16.71


1.03
0.77
0.29
16.95
20.41
369.9
6.77757
306.076797


39.362679
22.120581
232.265746
0.436596030945
0.292953518518
0.300239777486
1.55675752184
0.545193929174
1.49746137168
3.66267588839
2.39238820171
0.47937317969
0.999548038726
0.431090575882
0.290031820451
0.387369285599
0.778800839427
0.000675817389481
0.47937317969
0.825889492298
-1.20437617587

0.77839540183
0.783943730094
1.1693605354
0.40688641501
0.540253681
-0.0892798998121
0.301674150287
-0.373726228338
-0.371042395532
0.116227146348
0.319163605988
0.105980907851
-0.377057315083
0.243690049093
-0.772813791744
-1