-14.48
3.99
-1.14
-10.61
4.39
-0.84
-0.68
33.78
6.58
4.23
1.85




1.07
0.11
7.88
8.56
-0.0139613293231
-0.0165157781373
-0.0636274486544
0.256060865905
0.20789010989
-0.526152650047
-0.730539817879
-0.0266227960085
-0.547246576809
-0.34335007425
0.15260007773
0.158771605265
-0.0928789536422
-0.988938053097
-0.0266227960085
0.343332239593
0.839974779319

0.235838635797
0.236529655746
0.376805718581
0.0292902967877
0.0434590663021
-0.0598589128312
0.81365650843
-1.38079939199
-1.40858208955
-1.15239461071
-0.70007035883
-0.1084828506
-0.207239358958
0.193070589444
0.3001571044
1