-4.29
4.08
-0.47
-3.81
4.13
-0.41
-2.9
61.06
51.27
25.64
23.06





0.12
10.85
12.17
-0.0204330761269
0.0263826509158
-0.707383831954
-0.341203204437

-0.888183166622
-0.888183166622
-0.05888892769
-0.323448849093
0.0102040816327
-0.0118698596046
0.0417509703813


-0.05888892769

-0.707383831954

0.0423707142436
0.0960183767228
0.293663980939
-0.0725024005045
-0.0672909732227
-0.0796097428775
-0.398630041655
-0.851933861224
-0.851933861224
-0.865276267668
2.52604241812
-0.0414579069932
-0.168520777227
0.163309349946
0.803402208677
-1