20.45
13.55
4.83
16.37
11.43
3.86
1.63
3.37
2.61
2.11
1.81
8.58
5.52


0.95
1.08
23.6
30.89
0.0727749079271
0.0820469111961
0.354352451319
-0.563641796141
0.442616827554
-0.402719230541
-0.787505312367
0.202953589132
0.0139541027704
0.0139541027704
0.0497149100411
0.0471509015877
0.396478498929

0.202953589132
-0.818635464166
2.69744084435
0.0133895302455
0.264971005457
0.263861228818
0.267915551696
0.1860313781
0.0130394758217
0.321175355771
0.266649912038
0.337986074983
0.337986074983
0.222317650774
0.157946539577
0.249627041584
-0.0778298507182
0.250821752996
-0.0904912225004
1