4.12

3.32
-1.24

-1.0
2.97
11.85
9.14
2.38
5.86



1.19
3.25
20.03
80.6

-0.0421060199387
0.0635265436815
-0.0250314383591
0.197168385491
-0.0794969838356
-0.102763197486
-0.0336441342703
-0.0387475466794
-0.000375657400451
-0.46299215519

0.266661323747

-0.0336441342703
-0.0489383126352
-0.115494278014

-0.0780697912774
-0.0780697912774
-0.0426782412816
-0.276924127569
0.200047292504
-0.719583918539
3.09412780656
-0.656049489282
-0.668922195792
-1.16461966944
-0.432966239393
-0.317216838702
-0.198854336292
-0.278117083781
-0.0530383529182
-1