13.9

10.04
12.49

9.02
7.99
16.45
12.52
8.31
11.38
4.62
18.55

0.68
5.41
4.68
72.23

-0.183513676563
-0.0716962486329
0.238469227474
0.573069814333
0.276086930747
0.130033999898
0.0789224515367
0.0564525803124
0.107723054502
0.0847961445105
-0.131457197584

0.0563376063256

0.0564525803124
0.418276976374
0.288859609871
0.553268184765
0.717815139693
0.717815139693
0.509582257757
4.74138767589
-0.102670632244
-2.34024384777
-2.69919295671
-2.32893307132
-1.78626879455
-1.54856493382
-2.58825811207
-45.2481572482
4.02357253619
0.820485771937
0.479345912219
1