-68.69

-27.2
-43.35

-17.17
-50.29
87.22
82.27
-36.7
87.24
1.63
0.88


0.51
0.79
39.6
65.57
-0.186478329954
-0.186767943324
-0.609472368092

-0.709144100696
-0.949670994131
-0.229431843055
-0.281294031247
0.0228758169935
-0.173296230316
-0.0107325383305
-0.269612344821

-0.229431843055

6.38546665361
-0.423626695483
0.254836643373
0.215978715061
0.479328001354
0.227549088864
3.54090405871
-1.83870428934
-0.0277167277167
-2.68778521075
-2.6851259601
-13.2370460845
2.41518504388
0.2331974091
0.0115703738028
-3.32492534365
0.825451083153
1