-9.52

-4.5
-5.79

-2.74
-17.44
79.28
69.31
3.06
55.63
5.18
3.97
0.28


37.84
2.62


1.05
1.05
1.04
47.32
89.82
96.08

1255.745763


2301.352542

4863.610169
-0.116766467066
-0.0785414417156
-0.0806757078676
0.390774274518

-0.0640880790404
0.909364979308
134.932862191
-0.054388487881
0.129846873819
0.210862619808
-0.145036386897
-0.188226278629
-0.325050977531

-0.054388487881

-1.06624852479
0.210120632612
-0.548686366599
-0.531719108809
-0.268264774873
-0.589763681644
-0.722407313287
-1.03761667043
-0.318724098958
-0.84345064178
-0.848030179287
-0.849015317287
-0.712203391724
-0.619799795649
-0.0580445728352
0.190688204478
-0.922493383327
1