21.39

10.24
14.44

6.91
32.69
86.72
80.77
54.47
48.35




0.79
1.06
47.87
91.82
0.132879707737
0.131931778065
0.625354890768

0.420937522782
1.55583208893
3.61538461538
0.152044566431
0.193212730032
0.0214285714286
0.13912448422
0.0506825763031
-0.0106122213571

0.15204474326

-0.603488145321

0.485282502238
0.474857979447
0.218159784825
0.536905659515
0.282162356138
0.741730384782
0.459516661987
0.999270777903
0.997432156405
1.28990064564
0.613865433228
0.565147332526
0.0620476800685
0.192695623309
-0.150496911322
1