2.08
3.66
1.23
-0.06
2.09
-0.04
1.7
24.95
11.38
4.5
6.82
21.09
18.39
0.9
1.89
6.42
53.2
42.71


1.47
0.88
2.74
59.32

42.09
2.017558
118.79216


96.993058
21.979175
163.507962
0.3643454039
0.0848354032705
-0.0241285821178
0.264413183551
0.368775276151
0.306390349145
0.0529581403478
0.0313966385121
0.129897064301
0.0211902479289
0.0
0.113876989181
0.0543667868357
0.732090975123
0.479226519337
0.129894242599
0.186662257496
-0.194749626724
0.343178569303
0.187354346841
0.187354346841
0.272725683009
-0.0120201470188
0.313068432671
-0.534978693182
1.65949119374
-0.803100342711
-1.0080479637
-1.00799395052
-0.441411526339
-0.267562303572
-0.19937449386
-0.12571408583
-0.0770588367097
