17.39
16.98
8.88
11.97
11.84
6.11
2.15
14.89
2.52
2.04
1.95
5.5
32.81


1.86
19.01
51.06

-0.042393860146
-0.0415508710093
0.00138911213127
0.00492743840702
0.0555358679694
0.0567242633883
-0.00492114975953
0.110030591202
0.0282776349614
0.167733424537
-0.0387219063092
-0.113843635933
-0.0207156308851
-0.00492114975953
0.129819903667
0.179239011939
0.171013575254
0.0254938563985
0.0254938563985
0.0153965835791
0.0873015873016
0.0972383383616
0.0287277701778
-1.54285714286
0.195158850227
0.281690140845
0.276995305164
0.259194395797
0.0582191780822
0.061807730903
-0.071744481963
0.0241047442673
-1