16.15
15.8
7.39
10.41
10.33
4.76
1.84
14.04
2.44
2.04
1.59
4.97
7.97


1.65
20.0
45.77
84.41
0.0365844829667
0.124500746974
0.104898164271
0.0127144712557
0.142578351112
0.394313008082
0.579121576429
0.0945022713891
0.122250709516
0.0
1.01665188689
5.18592964824
0.0504403178704
1.58017492711
0.0945022713891
0.039039744795
0.20099473493
-0.179152030723
0.133640451106
0.133640451106
0.142028584215
0.0848648439215
0.124492751732
-0.101733862544
-0.156016397396
-0.0955736471232
-0.0776226047418
-0.0776226047418
-0.00496645464843
-0.0537810950648
-0.0487756071847
0.00914769937406
0.0287422868349
1