11.62
7.23
2.73
8.12
6.35
1.91
12.66
67.48
59.18
31.28
36.73
13.92
11.98


0.03
0.34
23.5
30.73
0.0246449133302
0.035076874054
-0.714657518041


-0.714657518041
-0.714657518041
0.0186410113779
-0.0927347128981
3.98353472314e-05
0.0313195457656
0.0409178592323
0.460924317873

0.0186410113779

0.708456843941
0.00683856682788
0.084389605711
0.0708823468678
-0.123606758253
0.224398832561
0.449217793021
0.0380464738476
0.04475781729
0.0283310256683
0.0283310256683
-0.365572844773
0.162025001383
0.237635077069
0.153516485694
-0.378335446154
0.785539864909
-1