11.41
6.24
3.24
9.54
5.69
2.71
16.67
68.2
58.64
31.99
40.6
19.26
18.69


1.17
0.42
28.4
39.66
0.289274226041
0.248949983627
9.46839180271


9.46839180271
0.370962139632
0.332705799986
0.255180157469
0.0703703703704
0.41096900506
0.435095211974
-0.189389042176

0.332705799986

-1.15371009416
0.279763022974
0.140859853132
0.159617957087
0.0790975047902
0.172143616586
0.104716095503
0.259147331352
0.169703430897
0.354275112096
0.354275112096
0.702769707534
0.223570356347
0.163630297384
0.0125256594992
0.0549018615844
-9.30877384562
1