625.2

11.72
376.56

7.06
6.23
18.97
9.8
8.09
5.47
10.85
14.63


1.0
0.03
1.87
1.91
0.211228284551
-0.0137944765209
0.150938777351

-0.285701902657
-0.675149157794
0.18728815944
-1.25307986561
0.0170542635659
0.00116051352724
-0.0362953692115
0.199377488625
7.23529411765
0.18728815944

-1.12603560726
0.349349262985
0.148798365524
0.150314904778
0.162466514821
0.0938611937981
-0.156408650579
0.820531338664
-0.140547857939
1.72876636733
8.63402440818
8.63402440818
0.150504855773
0.113150722356
-0.0564537109796
0.306723555357
-0.000623872573133
-1