

5.1


0.87
2.62
19.92
10.12
5.1
5.46
8.95
9.12
3.15


57.16
4.4


1.04
1.04
-0.12
-8.79


6.994035
266.537544




137.164561

-0.0102922002255
0.218682842288
-0.298701797424

0.014871499308
-0.662323280614
-0.82189384199
-0.14922543886
-0.333769392521
0.0336538461538
-0.0772062514641
-0.110785647034
-0.295461772375
-0.973725208962
-0.14922543886

-0.374531422271
0.0237923285921
0.0673178586257
0.0671935514568
0.0725133537095
0.0469333683832
0.162300016004
-0.187288410947
0.0271272390196
-0.321198705942
-0.80595183748
-0.80595183748
0.576394165021
0.360360679238
-0.0202601830736
-0.0951064645471
0.365895348881
1