

6.39


3.81
4.13
20.31
7.94
6.7
3.7
11.89



1.04
-0.17
-11.23

0.20111213386
0.0499690650362
0.340482549372

1.21711949468
2.67108496056
0.264441420455
-0.636212694854
-0.998168551923
-0.219771396492
-0.264722392701
0.736396728016
37.0592941176
0.264441420455

-0.788444942038

0.0691976441373
0.0684066652295
0.0680742199858
0.0736283120114
0.252678958294
-0.16785284421
-0.170327308919
-0.166299950316
-0.138170998598
-0.138170998598
-0.20592449586
-0.194449988595
0.0052216467819
-0.184272293065
-0.272075884143
-1