14.19
8.24
3.15
17.25
9.02
3.83
7.5
73.03
21.33
11.85
18.6




1.35
0.34
22.2
28.53
-0.276854305849
-0.0195367010885
0.591945966611
0.273178807947
0.127266387727
1.04746751525
2.57497414685
-0.200871561678
0.239738297375
0.0425638457687
-0.145326622088
-0.0440206185567
-0.587554011315
-0.470588235294
-0.200871561678
-0.182910547397
-1.2214080263

0.1404485868
0.1404485868
0.432074805928
0.0606967094471
-0.292741935484
-1.6712457659
-0.119704102219
-1.33200999853
-1.28482758621
-1.4972826087
0.062630480167
0.172785388128
-0.079751877353
0.433190522284
-0.451497379811
-1