14.98
8.37
4.33
10.17
6.81
2.94
9.44
86.92
22.99
14.68
14.72
8.91
4.78


0.84
0.48
28.89
40.62
0.0291287997493
0.0618236837569
-0.148680428534
0.165644171779
-0.418009478673
2.20547945205
0.0100875842964
0.0387010011456
0.00469704086426
0.00169904027185
-0.0015592839768
-0.0165752900676
14.6376811594
0.0100875842964
0.494809688581
5.33333333333
0.146160559381
-0.019198293485
-0.019198293485
-0.452453211937
0.113368156317
0.0877831347221
0.259134490801
0.343144848954
0.216900311526
0.317118226601
0.314941103534
0.164118490205
0.183302238806
0.132566449802
-0.106981428207
0.129482135049
1