-1.32

-1.26
0.29

0.28
-8.35
29.21
-2.46
-13.44
12.84




21.79
50.09
95.58

0.0457443070591
0.0336173669565
0.965341779382
0.256769374416
0.989813242784
0.985086271568
2.13038405445
0.406141261217
0.76966359873
0.12572135202
-0.80452186805
-0.955299275639
-0.657835122624
0.0454545454545
0.406141261217
0.973677549987
1.54632306282

0.371458551941
0.371458551941
0.0399016508606
5.03060217177
0.432701574044
-0.46077114905
18.3636363636
-0.661496704149
-0.696434206374
-1.1329005808
-4.66439290587
-0.829744948658
4.65914361983
-0.0612430221031
-0.59388322744
1