2.88
2.4
2.36
1.76
1.47
1.45
19.18
37.08
21.28
14.75
18.28
62.66



21.37
5.01
82.17

0.0465961492001
-0.0264483940861
1.00299941365
0.688561721404
1.14396909106
1.30266869873
0.227256074703
0.358652792047
0.160418380538
-0.00658489891233
-0.107692307692
-0.67983672212
0.0606060606061
0.227256074703
0.410505319149
1.69978952739
-0.00614204540311
0.257052847687
0.257052847687
-0.126943814957
3.95596537448
-0.240007667977
-1.67373971193
-0.209653092006
-2.17694833247
-2.1532187591
-2.2363044122
-26.4588235294
-2.62354963472
3.6989125268
0.497060515663
-0.745946565962
1