28.8

13.17
18.58

8.5
9.41
32.09
12.14
10.0
8.21
10.16
7.6

21.89
1.81
1.45
45.73
84.27
0.110803774813
0.0752427184466
0.0669203222919
0.120667522465
0.0663423264042
-0.060092449923
0.0307692307692
0.0923308837385
0.227883279296
0.333333333333
-0.0826653306613
-0.382748157781
0.141493055556
-0.333333333333
0.0923308837385
0.0792216817234
-0.0124768946396
0.347602204437
0.13194250628
0.13194250628
0.123610402856
0.149988955158
0.0937118437118
0.297362110312
1.82352941176
0.25472473295
0.26899128269
0.226650062267
0.11
0.195388349515
0.0180464488783
0.0382306625678
0.0650221839878
1