5.87
5.72
2.87
11.28
8.72
5.52
7.48
54.43
22.55
16.68
20.25
9.07
10.36
0.43
2.92
4.13
75.77
21.85

3.03
2.19
1.38
1.24
48.95
95.89
84.76
8.3672
111.81776


142.67008
43.83584
291.4524
-0.0157480314961
-0.0399104643235
-0.0938396656367
-0.0823769291607
-0.0616473092176
0.108897306873
-0.236501617318
0.106991317278
-0.0510158231104
0.128546848234
0.00504365617491
-0.251158765586
-0.317890868778
0.248158596529
6589.90909091
-0.0510158231104
0.0315965848653
-0.249475501142
-0.0917399164141
-0.0258996365562
-0.0258996365562
-0.0342497118942
-0.0187979185071
0.0182907295836
-0.0935156423126
0.372872488094
-0.36056002201
-0.307427975574
-0.336310289973
-0.285527517957
-0.100685140638
0.00710171804914
-0.0441903661398
0.0564772926044
1