8.95
8.59
1.86
63.36
22.77
13.16
1.87
100.0
12.4
7.63
17.99
6.58
6.88


1.34
0.35
20.78
26.23
0.129173508484
-0.00208671458382
-0.0651294498382
0.0196078431373
-0.128337639966
-0.422475106686
0.0687790770778
1.73374613003
0.0
-0.0932295438088
-0.064372659176
-0.032529444756
32.5
0.0687790770778
0.0122377622378
-0.149492017417
0.120359811422
0.0179129598461
0.0179129598461

0.0179129598461
0.00929152148664
0.13532513181
0.340659340659
-0.229268292683
3.97807017544
5.18232044199
1.56397306397
0.0692464358452
0.0
0.00862143835947
0.0830424096843
-1