
21.45
8.12

15.0
4.7
3.76
16.32
8.54
5.51
5.21
4.56
7.33
4.08
3.68
12.17
46.77
58.51

1.85
1.26
0.88




11.291667
300.208333



14.875
139.041667
0.0909090909091
-0.0137981118373
-0.00285714285714
0.105586592179
0.0822669104205
0.175879396985
0.0089485458613
-0.0815450643777
0.0536785601516
-1.0
0.0
0.0375807398708
-0.00172413793103
0.0694822888283
-1.0
0.0536785601516
0.210169491525
0.270186335404
-0.188923265532
0.213575880074
0.213575880074
0.230408163265
0.134040501446
0.0456375838926
0.359589041096
-0.2125
1.05303030303
1.90476190476
3.02564102564
0.5
0.222664015905
-0.0795353786276
0.167938296181
0.107989287895
1