-7.55
8.01
-0.38
5.66
9.03
0.29
-0.28
20.01
8.31
4.11
4.42



1.8
1.23
0.08
5.1
5.37
0.0475917431193
0.020702070207
0.166064981949
0.118644067797
0.339449541284
0.475862068966
0.093618513324
1.44615384615

0.0100316789863
-0.0063829787234
0.172452407615
0.125
0.093618513324
-0.0125
0.139534883721

0.118693574084
0.118693574084
0.124833110814
0.0948051948052
0.127946127946
-0.0170454545455
0.178343949045
-1.63157894737
-0.653846153846
-0.653846153846
-0.015873015873
0.0324483775811
-0.0238883792787
-0.00925255386222
-0.0473714078655
1