22.86
20.54
15.11
15.79
14.28
10.43
8.69
44.67
10.93
8.26
8.67
10.97
20.8
2.33
61.08
10.37
68.57
16.88

3.59
2.49
1.83
7.66
66.07

13.06
20.804614
239.444124


90.998919
57.462509
137.732516
0.0456087448172
0.189320633425
0.165582181445
0.0225994460587
0.0500016399357
0.0987789415177
-0.153559379217
-0.269024320205
0.0785321100917
0.099131775115
-0.0153300212917
0.106910214223
0.295228106974
0.019714358044

0.0785321100917
0.100850840481
0.0245448079659
0.587770599862
0.108913304429
0.108913304429
0.103589617316
0.115579117553
0.070172255875
0.372360124112
-0.141102456561
0.332779086416
0.337414874702
0.337414874702
0.303043330694
0.33516099356
0.00666581312437
0.0387410485537
0.08631385837
-1