6.45

5.09
6.32

5.0
7.19
51.97
9.41
3.69
12.77
11.16
14.03

18.54
4.23
11.95
79.03

-0.266087092449
-0.0350568093215
0.0624267773018
-0.134679409134
0.216453745907
0.0535339491001
0.0360073466485
-0.0963170845789
-0.0969837355191
-0.0839578305601
0.0272385973321

-0.140468819788

-0.0963170845789
0.0177749023555
0.14611065057
-0.503544032785
-0.187258386919
-0.187258386919
-0.162340169031
-0.209007491283
-0.0458097934346
-0.755903240924
-0.445134129345
-0.664268676572
-0.654677606864
-0.609015028402
-0.480678841542
-0.565708947878
-0.0217491043646
-0.141448593484
-0.24968516422
-1