33.9
20.79
12.58
26.2
16.43
9.72
9.96
21.49
11.29
10.43
8.55
7.56
18.61

0.82
2.2
1.3
37.1
58.98
0.137683837115
0.238995568685
0.391546259613
0.287816245007
0.679893910028
0.880301462982
0.319772665538
0.338206739006
0.1
0.784062717078
1.4612945346
0.0730564325178
-0.856828193833
0.319772665538
0.351854463404
0.850882185544
0.0229773826869
0.04295465244
0.04295465244
0.0212346081709
0.130796121628
0.0937267542772
0.172938689218
-0.601265822785
0.29233772572
0.347540983607
0.535133783446
0.441953901459
0.150415335463
0.0878414691879
-0.0507721018372
-0.348591607173
-1