35.11
25.69
12.84
22.84
17.9
8.36
8.04
19.82
10.23
9.28
6.18
8.5
13.34

0.69
1.69
1.74
36.59
57.7
0.0434145589143
0.0260685056078
0.182297227484
0.139432559551
0.293197278912
0.152887216277
0.222362716763
0.139418612956
0.508182601206
1.0
-0.334719746484
-0.501673173452
0.329660238751
3.71933471933
0.139418612956
0.244253377786
0.01936326057

0.242199301551
0.242199301551
0.194386005922
0.482158568775
0.236168582375
0.915496760259
0.163190184049
1.1277258567
1.11353944563
1.12148541114
0.768511593119
0.741598041398
0.239959267224
0.00603071917573
0.0599020740671
1