29.65
17.68
11.13
18.55
11.66
6.96
4.12
7.38
6.19
4.4
4.36
6.01
4.94
3.9
10.63
18.31
20.36
32.83


1.04
0.56
1.18
37.55
60.13
84.67
164.545455
3995.636364


554.909091
79.818182
1477.818182
0.392405063291
0.787261558358
0.778935615929
-0.0750622554251
0.376146788991
0.443670150987
-0.854359925788
-0.976673427992
0.376693766938
0.219824140687
0.0
0.492485549133
0.610301263362
0.491626794258
-0.882352941176
0.376693766938
-0.0518358531317
-0.906935908692
0.796111644015
0.213875386655
0.213875386655
0.247578766703
-0.0932960893855
0.38689217759
-0.265755504935
1.0
-0.296267496112
-0.293383270911
-0.293383270911
-0.126593806922
-0.157372986369
-0.30717147604
-0.173016790935
0.28893764208
-1