1.18
2.41
0.52
0.79
2.2
0.34
0.74
23.79
10.39
-2.69
13.57
9.37
16.48
0.87
-1.32
8.45
60.28
19.75


2.27
1.84
1.19
43.81
77.96
84.2
1.99456
270.488


168.68672
62.4448
385.0592
0.0658253751705
-0.237236772203
-0.284602700474
0.273686671262
-0.0414169982264
-0.125580734444
0.929024191868
2.12747858017
-0.0741119766579
0.0209616848368
0.0244215938303
-0.216557541136
-0.000114740931369
0.0716361053719

-0.0741119766579
-0.0895730594992
0.494836097847
-0.281117516342
-0.0314010436839
-0.0314010436839
0.0833553360701
-0.276808545072
-0.335798065996
-0.613963979242
-2.95562150132
-1.08446600626
-1.12653202539
-1.09485795325
-0.40610132991
-0.506449419131
-0.245407501388
0.304397022312
-0.305087714946
1