15.43
9.65
8.32
10.61
6.7
5.72
12.38
24.31
18.02
12.62
13.91
12.79
19.71


2.0
1.59
53.89

0.200798758638
0.3105523691
0.201028256118
0.069498868795
0.198674707244
0.75432705516
1.61111111111
0.200854653944
0.119720153734

0.405686032807
0.464491866363
0.106002007996
4.76492537313
0.200854653944
0.127847674618
0.313438185191
-0.100380572848
0.0327267252196
0.0327267252196
0.100354371429
-0.133163268843
0.0203762952653
-0.239159855875
-0.822617193032
-0.186531939219
-0.163115623
-0.163574027562
-0.052341014252
-0.145594611156
-0.165889994062
0.0123504299542
-0.168301530898
-1