-3.79
0.2
-1.94
-2.19
1.07
-1.12
-3.62
21.6
15.53
0.45
12.98
11.24
8.79


3.03
1.21
51.07

0.0751734835779
0.186411471894
-0.123505965416
0.0765274378863
-0.3551359225
0.0619801635636
-0.499177777216
0.0267770744887
-0.0269237805728

0.272220801274
0.347516671643
-0.420701509373
-0.96854368932
0.0267770744887
0.0298404362161
0.172533534514
-0.382304268957
-0.184333248449
-0.184333248449
-0.155138451582
-0.275240105878
0.476196416987
-0.97095422904
12.6499001996
-1.23886022974
-1.20137850761
-1.20132902504
-0.238935456832
-0.297032479333
-0.0909068574293
-0.660529665436
-0.0608272830328
-1