-8.14
-0.68
-4.05
-5.1
0.94
-2.54
-9.98
19.79
8.72
-1.57
4.04
27.17
20.93


3.27
1.15
49.7
98.8
-0.0536155426545
-0.0531774689979
0.0794639607818
-0.0854396239501
-0.137116160929
0.891401232141
2.78591634674
-0.025943312238
-0.0521661717374
0.00281405584819
0.00157962122346
-0.00539203013628
0.000509977004673
-0.037037037037
-0.025943312238
-0.137410208839
0.118320001095
0.00492510626768
-0.25993503352
-0.25993503352
-0.242878920754
-0.321845294906
-0.252494520787
-3.58510074231
0.527798087328
1.03776996154
1.20167733892
1.20251800601
-0.769737687464
-0.584424550664
-0.0619102613863
-0.00744051273274
-0.339398994302
-1