36.13

5.45
22.69

3.42
8.72
27.95
14.89
12.71
7.66
12.07


3.2
4.19
0.22
15.09
17.78
0.0313596038787
0.126429479034
0.0771541366289
0.208528037383
0.214739349034
-0.45382031906
-0.0201005025126
0.0637008303534
-0.191391941392
0.0
0.181718936086
0.212318124029
-0.0486177311725
-0.709090909091
0.0637008303534
0.214476899802
0.123691945914

0.0926018122075
0.0926018122075
0.09653259362
0.0825979527003
-0.00830367734282
0.216216216216
0.0735294117647
0.2949932341
0.343023255814
1.960591133
0.838074398249
0.166309778729
-0.0100038595072
0.10090548955
0.0154476755786
1