23.15
13.62
8.68
17.39
10.67
6.52
7.18
25.08
11.67
6.78
10.28


1.65
6.34
5.36
49.06
35.15

1.25
1.85
1.01
1.05
37.48
59.96
101.61
12.67281
176.382044


54.747376
39.735418
146.049881
0.0545293278316
-0.0443435433859
-0.0690597912752
0.0783553483638
0.0291038403901
-0.0691986098247
0.648596220191
0.283516785371
0.0128902290162
0.17893401415
0.0
-0.13217972307
-0.0948820077534
0.039493587859
74.2882953653
0.0128902290162
0.00691873498168
0.127889187769

0.125016415154
0.125016415154
0.107892084002
0.179478503709
0.116404699597
0.391745556085
-1.52435921472
0.753814698038
0.743103113856
0.918684024297
0.415744062654
0.251468400205
0.0544620885545
0.00861171555734
0.0466610667904
-1