10.87
8.72
8.13
10.53
8.46
7.88
22.91
45.86
31.7
20.57
33.34
6.81
7.45


2.86
3.94
74.82

0.110019747039
0.119453640123
-0.0769547214836
-0.0921460381308
-0.106490951088
-0.110541362797
0.0714271306824
0.097720920328
0.00270845424647
-0.00185529646391
-0.0833333333333
0.00669781165478

0.0714271306824
-0.0355534545053
-0.11641355506
0.2846893998
-0.159760863079
-0.159760863079
-0.0833316428992
-0.235042680151
0.257006564403
-0.483682049718
0.0521385241496
-0.455288241458
-0.362307015517
-0.362307015517
-0.269107476802
-0.37381443299
-0.0752818170721
-0.416767427481
-0.082806141595
-1