-14.42

-7.09
-9.2

-4.52
-14.83
1.82
-11.83
-19.23


4.44
0.59

0.76
13.01
15.42


4.85
1.44
1.51
49.15
96.67
66.03

996.255063


1024.573734
1299.491772
2084.441772
-0.270039270039
0.260608721359
0.0260725093455
-0.117302015333
-0.25933419528
-0.162960782871
0.725166919783
0.814315084241
-0.0877357722294
-0.0820986075775
0.0216560509554
-0.0597903741697
-0.0564662268023
-0.146519816153

-0.0877357722294
-0.249519709457
-0.109382824129
-0.157271247585
-0.320797662528
-0.320797662528
-0.243739409903
-0.895349346332
0.192887261968
79.5891122055
0.773547504252
-7.6042303339
-9.35348237076
-9.35348237076
-1.86995293203
-12.860645038
-0.574551683804
-0.513684924496
-0.203495647195
-1