33.72

13.2
21.31

8.34
16.76
26.43
16.56
16.17
10.98




3.57
1.11
39.14
64.31
1.46953460436
0.199446363616
0.240678895224
0.259032661559
0.286703686429
0.095433050128
0.095433050128
0.295239387747
0.300250977226
0.0
0.153368639896
0.153368639896
0.547763699785

0.295239387747
0.263044613004
0.151789153032

0.391569957348
0.400044155344
0.381639730725
0.419981996697
0.31856250749
0.492810957463
-4.18715239155
0.574674148067
0.574593949657
0.574593949657
0.559951451847
0.485855675851
0.0199378413529
0.0814816478544
0.15936526012
1