18.41
16.6
13.97
12.51
11.39
9.49
23.14
41.83
26.4
22.45
19.68




2.17
7.47
75.88

-0.0839337059413
5.59440559441e-05
0.279735122708
-0.0637153988805
0.523876351223
0.386535061214
0.00239358524083
0.0828266211137
0.0187592970084
-0.481121708936
-0.919499393562
0.380711153225

0.00239358524083
0.00718513501575
0.204428498949

0.168941467711
0.168941467711
0.226981243101
0.0967915894687
-0.0225907480618
0.226107848372
-0.285117056856
0.200278810409
0.203400130894
0.203400130894
0.27425053392
0.276401795558
-0.0721498782422
0.191532215773
-0.110793654997
-1