24.8
18.01
15.77
15.55
11.36
9.88
17.92
38.91
26.85
18.02
20.07
6.23
7.68


3.18
2.56
63.57

0.367076343969
0.0381673579664
-0.109857490973
-0.0691184141888
0.0280495929262
-0.166129432618
-0.123172698077
0.141036521146
0.055556169794
0.00233993826546
0.539144458511
0.0982483680523
0.0294004411651
2.97288544099
0.141036521146
-0.039693019789
-0.16195771347
-0.0950291035722
0.0239012854378
0.0239012854378
0.0517489022064
-0.0169682259488
0.0686831023248
-0.10056507357
-0.530078465562
-0.096225611815
-0.077769904222
-0.0963669820995
-0.0576347366781
-0.0707278538408
-0.0408695113866
-0.044781816887
0.133758776411
1