24.33
21.64
17.03
16.89
15.09
11.82
17.5
39.07
26.44
17.82
20.76
8.78
9.03
1.22
100.77
179.94
112.42
5.19


1.71
1.68
7.37
70.02

28.6








-0.0180722793649
-0.111608719702
-0.0992389995747
0.408377696834
1.37697247166
-0.842252777085

-0.0480821980258
0.0484762199426
0.00263249391546
-0.635174541765
-0.717710719295
0.674554494654
2.70846288011
-0.0480821980258
1.62958278235
-0.454840125126
0.46164506509
0.0532080948918
0.0532080948918
0.0503739593181
0.0576582643113
0.07107425119
0.0421001263618
2.65182436611
0.0283907060154
0.060627391882
0.138692561196
0.0895476488883
0.037141450657
0.0044501694195
-0.0178661562981
0.152447094466
1