28.82
25.78
20.69
19.21
17.19
13.79
18.21
40.94
27.27
17.91
21.5




1.85
8.36
71.78

0.0777428767779
0.0166740014568
0.143104186935

0.0805330186036
0.0248613064373
0.100592616052
0.17136010141
0.00192317424971
-0.167413691172
-0.211401952085
0.0189321906093
0.136761487965
0.100592616052

0.334594505675

0.350396122014
0.350396122014
0.262943126413
0.500291519859
0.569400677868
0.41992641459
1.31006259027
0.4289763132
0.484415451562
0.291993783127
0.477321249432
0.534519188246
0.149895397844
-0.219004555854
0.207291935079
1