
-0.31
-4.51

-3.58
-6.3
-3.68
14.84
7.6
-1.54
4.0


2.23
-0.44
26.1
63.9
73.52


0.95
0.85
-0.02
-1.19


-8.126486
220.865541



2.558919
180.327162

-0.0631735354873
-0.0710227561316
0.253481163463
-0.178052878935
0.654450679807
0.0717039583576
0.181217473585
0.0509072437745
-1.50754511013
0.0955493865855
-0.0160008114349
0.00886132795704
0.25807272386
0.350667556742
0.0509072437745
1.549273021
0.353448667302

-0.24740929362
-0.24740929362
-0.236933704308
-0.30236711919
-0.133009806175
-1.65086484675
-0.463499777016
1.29229244492
0.290570822675
0.248577160265
-0.364422087129
-0.405812629746
-0.0549578255705
-0.114399487444
-0.500890457082
1