-9.81
-3.84
-4.43
-9.99
-3.95
-4.52
-0.52
12.77
0.12
-0.46
0.05
-0.36
0.48
11.12
-2.68
59.38
2.91
3.86


2.04
1.39
1.4
45.22
82.53
71.22
-2.557745
496.33046


26.074336
7.039598
57.666688
-0.035625
-0.070590577742
0.0541173923769
-0.451743532963
-0.128664572143
-0.440794174845
-0.552322885852
-0.653773219032
-0.295668321828
-0.0844552157291
0.00825801333145
0.118786558271
-0.020395053798
-0.64607781494
-1.0
-0.295668321828
0.0479190383391
0.167339015098
-1.02631770871
0.24200194708
0.24200194708
0.247442603414
0.206076665467
0.0554625350997
-0.765644221268
-0.707912938638
-0.760114271821
-0.674105840008
-0.674105840008
-1.05396131349
-1.09595334117
-0.0359252816133
0.18653941198
0.693745480043
-1