10.67
9.05
7.05
7.39
6.53
4.89
5.87
19.29
11.61
6.46
9.22
8.25
8.38

0.86
2.26
3.37
66.08

-0.0517661749113
-0.109766597703
0.128731052249
-0.220602838015
-0.103704014079
1.2918613113
0.745241956132
3.70958787758e-05
0.0643499079038
0.0885408198291
-0.228822860135
-0.452967713401
0.145741699229

3.70958787758e-05
-0.153602639186
0.115595750563

0.164653030748
0.159681816383
0.158341370514
0.191819844476
-0.0323458574181
1.20931418993
0.207085064509
1.40972495518
1.64111576428
1.35387269702
0.222627118644
0.328923463353
0.0321380280931
0.192027673801
0.0309507641335
-1