12.82
7.78
3.9
7.36
5.91
2.24
8.13
26.16
20.36
13.97
11.06
8.41
21.72


1.92
0.52
30.45
43.78
0.0346567464135
0.0114994160453
0.183707398171
0.643827346816
-0.324027724297
-0.3142578125
0.0626736111111
0.0560970081596
0.0
0.039557511873
0.0221824809987
0.231365313653

0.0626736111111
0.679674796748
0.135934899205
0.113347719118
0.521883254778
0.521883254778
0.655956651149
0.238716956802
0.0754206730769
0.427677329624
-0.0514096185738
1.23992502343
1.11527377522
1.10752688172
0.320731707317
0.277054429029
-0.283166297976
0.446462581701
0.338175856607
1