14.69

7.47
7.87

4.0
9.77
28.39
16.2
11.99
9.44
7.23
6.89
0.92

3.69
58.04
25.82

1.98
2.71
1.48
1.57
50.85

74.31
21.107495
216.120848


143.663161
77.912535
282.520114
-0.0228347740988
0.00933373813143
-0.0113484947378
0.136789242477
-0.0988395985083
-0.00335142722104
1.65035559389
9.8590965603
0.0637069846978
0.0914613036625
0.0625
0.104126132847
0.117576847569
-0.0730355215402
0.0319245664253
0.0637069846978
-0.0572126843062
0.309684839007
0.406864265823
0.04385921066
0.04385921066
0.0563569788002
0.013608762554
0.00744115413819
0.0221638558658
0.79612436912
-0.0692599271336
-0.0803635932328
-0.229942270103
-0.105609522206
0.0457499064954
-0.030250448106
0.0364180565218
-0.0929300318174
1