9.33
6.66
5.34
6.34
4.64
3.63
2.54
26.4
3.89
2.46
3.16
14.06
18.88


3.42
2.12
57.22

-0.0633178556353
1.73009831906
0.183167179305

0.0327423370009
0.294019619513
0.311761820915
0.0546910132419
0.0955569102273
0.0
-0.000175839634254

0.0128248953852

0.0546910132419

0.271699708383
0.200128019339
0.128580798847
0.128580798847
0.163043687492
0.0424813476415
-0.0145372777336
1.38811897921
-0.609449501517
1.06223039389
1.25520063658
1.25520063658
0.403212727343
0.547003525264
-0.0860994512053
0.14311807658
-0.0545863804584
1