-56.41

-6.88
-68.88

-8.4
-4.25
10.42
7.18
-1.91
3.9
2.34
0.47

1.19
1.02
0.23
12.2
13.89
-0.242466097438
-0.13470790378
-0.251271382339
-0.155717761557
-0.321227842629
-0.181360201511
-0.147942157953
-0.245565500407
-0.645676691729
0.0
-0.075422626788
-0.110158730159
-0.148317631225
0.766666666667
-0.245565500407
-0.353909465021
-0.877250409165
-0.433383207896
0.019929261325
0.019929261325
0.0353811762892
-0.096009253904
0.783027965284
-1.41329479769
-0.177570093458
-3.41666666667
-8.00917431193
-9.65555555556
-0.097372488408
-0.137710168135
-0.115938515229
-0.763098703959
0.271200643664
1