14.84

1.62
2.62

0.29
1.36
13.62
9.28
5.14
4.38



1.26
1.01
0.2
10.93
12.27
-0.00030303030303
0.0443915973048
0.0631992742667
0.0771653543307
-0.00971817298348
-0.0414691943128
0.0208943171495
0.517857142857
0.0
-0.0865686436478
-0.158036677454
0.113243761996
-0.208333333333
0.0208943171495
-0.0644171779141
-0.801104972376

0.0581446568584
0.0581446568584
0.074016563147
-0.0325251330574
-0.162139917695
0.298319327731
0.0582750582751
2.48936170213
-1.41428571429
-1.41428571429
0.249406175772
0.153050672182
-0.0906697899158
0.220284574554
-0.00505461740828
1