25.92
11.75
6.06
23.52
11.04
5.5
5.95
68.6
13.02
9.16
9.27
8.29
7.54

0.9
1.63
0.42
23.39
30.54
0.0543325526932
0.00825147347741
-0.1200120012
-0.0102084219481
0.151033386328
-0.315996074583
-0.436914600551
-0.012686696269
0.193740685544
0.0
0.00242105263158
-0.093271152565
-0.199063753901
-0.181818181818
-0.012686696269
-0.0188087774295
0.0426605504587

0.363011021652
0.363011021652
0.334307992203
0.376568074577
0.397895872673
0.252549019608
-0.0954692556634
0.579908675799
0.092807424594
0.103044496487
0.231707317073
0.310444316215
0.0135570529246
-0.0348848510209
0.483023022853
1