3.78
3.4
0.76
2.91
2.79
0.58
0.4
4.34
0.77
0.46
0.62




1.24
2.3
20.01
25.02
1.34948119186
3.16407411644
0.326096400292

0.147827790483
0.0259931770661
0.398907170642
0.0525242194054
0.0303689351101
0.573401392846
3.64323884758
0.518675221731
20.4505928854
0.398907170642

-0.138707738627

-0.0590767594033
-0.0590767594033
-0.0509810317644
-0.208112094395
0.454732376685
-0.836751031467
-0.727776312319
-0.845946667854
-0.887549643125
-0.84692265717
-0.715798067048
-0.741377648397
-0.149035334992
-0.513809136089
-0.385173159695
1