28.58
23.57
5.83
16.86
14.4
3.44
2.29
5.82
2.58
2.33
1.6




1.22
3.6
20.39
25.61
0.0765594426056
0.151044456347
0.33796547916

0.226734392508
0.615790000572
0.306729483336
0.331289750239
0.0190735694823
-0.147046249025
-0.145963121419
0.35513634866
-0.102819237148
0.306729483336

0.264890599015

0.755338547901
0.755338547901
0.728201163714
1.35404305138
0.578042938122
7.91223437696
0.153100775194
9.06920965178
9.25833539145
6.71425891182
3.50945144552
4.84629146478
0.598704503478
0.177295609779
0.417373068741
1