8.67
7.91
4.01
5.66
6.16
2.62
1.59
7.55
4.38
2.38
3.04
7.18
7.89


1.74
1.4
46.26
86.08
-0.0559561580617
-0.0854245880862
-0.120850250776
0.0495867768595
-0.708553326294
-0.947368421053
-0.0803884542757
0.0655405405405
0.0
-0.118383311604
-0.115500502176
-0.256851721715

-0.0803884542757
0.0248041775457
0.167785234899
-0.0693515372569
0.0463621944772
0.0463621944772
0.0287172389932
0.324471710975
-0.123269611074
-13.26
-0.0688073394495
-2.52985074627
-2.54022988506
-2.36734693878
1.43613707165
1.41327623126
0.278109516498
0.169631805552
0.167212445253
-1