-107.4
-37.26
-33.8
-69.59
-23.4
-21.9
-85.6
74.08
71.65
46.83

14.33
12.71


0.53
0.58
31.47
45.91
-0.192241849807
-0.207214203988
-0.22438426379
-0.472189626848
0.06241069444
0.00685173412446
-0.194732389896
-0.405752365725
0.0879590118559
0.000726913573191
0.457645614035
-0.162216282623

-0.194732389896
0.545099407046
-0.0797094171605
0.447142850791
-0.250019365548
-0.385132792328
-0.123623484222
-0.286050670323
0.0978839779827
-0.40675632315
-88.1544748341
-2.06391702478
-2.08986855458
-2.08877677871
-1.41602316925
-0.295245167822
0.0990821220046
-0.48301677031
-0.160748528537
1