62.38
36.68
31.12
40.73
24.23
20.32
64.78
80.68
77.94
66.21
54.02


0.55
45.16
49.81
49.88
19.87


0.86
0.79
1.35
49.89
99.55
73.92








0.540270160964
0.540270160964
0.665812781033
-0.618809331077
0.847589022689
4.37609795049
7.28019559902
0.553593429158
0.793145671214
0.0930342336426
0.440021516945
-0.0203611217826
0.210141103981

0.553593429158
4.5557868443
-0.547968806674

1.12234641926
1.12234641926
0.976688867745
1.160476146
0.625228598798
1.32796936954
0.312011371713
1.36847698259
1.40826953203
1.40826953203
1.26521392938
1.24425547111
0.0381297267391
0.497117820461
0.456533638227
1