113.46
81.36
21.71
67.47
50.05
12.91
11.74
48.05
13.91
12.37
8.53




1.21
2.13
19.14
23.66
2.34269921695
2.4425872093
0.914594208364
1.19941416083
0.651483959513
0.89766193944
0.626686656672
1.02790315212
0.789886219975
0.0909090909091
0.58231465312
0.505000793777
1.18191515549
2.1944937833
1.02790315212
0.922982706833
0.207495297352

0.777705577071
0.777705577071
0.672336152386
0.907634562551
0.754438933218
1.54998492917
-0.420054200542
2.11358056596
1.83959638135
1.71723876351
1.77798951882
1.60043727794
0.129928985479
0.023266643853
-0.136888631293
1