21.86
23.18
16.19
9.55
11.28
7.08
11.73
50.54
14.95
12.74
7.33


1.8
11.23
5.24
68.06
40.6


3.81
2.69
29.09
74.05

5.96
54.055738
460.742623


247.262295
123.016393
333.913115
0.0627177700348
0.508681273253
0.468228836817
0.884556773063
0.115534283633
0.379836908534
6.57937790345
57.0433179724
0.835398325779
6.1022272449
0.25
-0.47978328484
-0.516561181435
-0.402404322264
0.0586599944398
0.835398325779
0.137986988368
7.03582983823

0.369780827659
0.369780827659
0.304176088119
0.440698594292
0.451009314649
0.410953506698
1.20872274143
0.368442895086
0.208124004411
0.00586264656616
0.178299891385
0.471711332983
0.0709177666325
-0.0812284869899
-0.514775945404
1