-18.27
-5.05
-9.38
-20.0
-6.04
-10.27
-8.02
11.13
4.53
-4.94
0.7
9.29
5.3

0.44
4.6
1.34
51.36

-0.22525051208
-0.0939430002425
-0.155134675703
-0.27036373993
0.438821220052
1.10682536547
-0.193732872833
-0.198580817813
0.0225737353765
-0.114410898487
-0.112448082388
-0.382405381824
-0.301886792453
-0.193732872833
-0.221266567186
-0.0589293265602
-0.324857675046
-0.223933179996
-0.223933179996
-0.207563650532
-0.333790575804
-0.0828054113704
5.05883644347
-0.334057661713
0.475961221394
1.53191928575
2.03362020927
-0.900767837555
-0.502175325314
-0.109857395808
-0.141127768625
-0.068798504293
