-3.15
1.14
-1.65
-3.13
1.15
-1.64
-1.63
13.05
7.56
0.48
5.46
5.89
6.2
1.17
0.18
6.37
45.44
33.43


2.79
1.65
1.54
52.27

66.48
-3.656364
223.837879


116.046364
42.624545
222.011212
-0.153846153846
-0.0160605662772
-0.150268828736
-0.271396016531
0.0468387667265
-0.124026419384
-0.569217550894
-0.665625207108
-0.133358568683
-0.00162158639119
0.000958772770853
-0.214062079554
-0.22202548212
-0.304951512867
-0.820877783752
-0.133358568683
-0.0901499372566
-0.251200296981

-0.0682527429002
-0.0682527429002
-0.0931450758913
0.140327007714
-0.117728689833
-1.17225875073
0.625988347898
-0.601729601267
-0.310492863515
-0.695431600842
2.16805533721
0.775976605957
0.208579750614
0.0494759469332
0.203143273631
-1