14.2
10.73
7.75
8.66
7.16
4.73
7.83
36.09
14.46
8.94
10.29
4.24
4.76


1.8
1.81
54.54

0.0848483206934
0.0457516125541
0.176900336752
0.175622965088
0.102577168554
0.246014096274
0.764880952381
0.108775165207
0.0974991633159
0.000519750519751
0.146285305422
0.195544089255
0.0788556602254
-0.434501845018
0.108775165207
0.0991373389379
0.327917667955

0.0747929545639
0.0747929545639
0.091488910246
0.0464454239778
0.0760877962108
-0.034323527864
0.336939043999
-0.0710413323503
-0.0955061363846
-0.0955061363846
-0.0315898023489
-0.0102218627802
-0.0283475305861
-0.00129484164692
-0.102107382188
1