-9.92
-0.83
-5.13
-5.28
1.93
-2.73
-4.21
12.97
7.06
-0.63
5.45
6.85
11.67
1.4
-0.18
5.86
51.67
22.29


3.36
1.81
1.48
51.67

70.86
-10.830714
256.980357


109.1675
64.860357
211.261071
-0.0344827586207
-0.1196133829
-0.155538091496
-0.101932598842
-0.0709998336886
0.098766876975
-0.430773418139
-0.494192001199
-0.111752631192
0.00234461590928
0.00247770069376
-0.203634809132
-0.128283414285
-0.219669834128
-0.124397213788
-0.111752631192
0.102310731823
-0.0406603846253
-0.0747728007564
0.0332025697063
0.0332025697063
0.0238672147068
0.100544888428
-0.504021325441
-0.959523703737
-0.0271790419388
-0.781868139772
-0.834747605687
-0.860517134172
0.283637316219
0.503047697952
0.0673423187213
0.537223895147
0.135135168548
-1