17.73
13.32
10.05
10.95
8.78
6.21
9.65
37.07
15.87
10.62
11.22
5.1
5.18


1.88
2.03
56.72

0.11745265866
0.103254736325
0.135416291998
0.0422745133463
0.184928924083
1.0203969129
0.122592811139
0.119524980546
0.00155520995334
0.118350488536
0.125575397791
0.142008340965
6.83302411874
0.122592811139
0.0359881616442
0.128041862119
-0.0278186716694
0.13421209575
0.13421209575
0.125240073328
0.149775221974
0.101420670739
0.290973476566
-0.0702525724977
0.343538155781
0.349220046465
0.349220046465
0.224689724354
0.224311041428
0.0155631262243
0.0327914250108
-0.00120419624817
1