
19.28
7.38

20.06
7.82
5.54
32.9
15.58
9.35
12.11
1.76
3.28

1.96
1.4
-0.36
-31.03

-0.0321081537812
-0.130632680929
0.057516634713
-0.115422885572
0.100828271673
0.279030265596
0.0216442896277
-0.260979263581
0.0
-0.0553153153153
-0.0268353233243
-0.0782650668873
-0.987841945289
0.0216442896277
0.0733020670488
0.66676980198
-0.419492838273
-0.0834758419409
-0.0834758419409
-0.0763303883296
-0.097714090754
-0.166358432409
0.138484848485
0.366726296959
0.0215398716774
-0.0670835702103
0.247226624406
-0.101698043559
-0.0823443223443
-0.0142382488132
0.0828825904678
-0.140992476654
-1