
20.8
7.38

18.88
6.4
4.97
33.41
15.56
7.52
12.35
2.78
4.11

2.32
1.22
-0.46
-42.89

-0.00185544404149
-0.25701724721
0.0823974609375
-0.257754800591
-0.0624312767257
0.322863403944
0.190441176471
0.0470238306009
-0.12070160843
0.0
-0.0229217281082
-0.201302993107
0.0166853617499
42.8666666667
0.0470238306009
0.00174003828084
0.524528301887
1.27999426116
-0.114876183172
-0.114876183172
-0.153687871323
-0.0258574847115
-0.244158956267
156.142857143
0.121364092277
-3.2356557377
-2.27003610108
-2.45503458878
0.881903438694
0.624613187336
0.0890186984607
0.129282773095
-0.19727364411
1