
-8.25
-6.21

-9.57
-6.9
-4.36
24.28
1.07
-5.68
1.91
48.96
93.7
2.73
-4.23
32.67
72.82
28.82

4.03
1.16
1.07
-0.03
-1.59


-7.965079
182.768254



27.933333
128.187302
-0.127423822715
-0.0406269993602
-0.0747756729811
0.0395671759625
-0.0922205048944
0.0477732793522
0.0589831308246
0.11953307393
0.00223386035891
0.969325153374
0.0294117647059
-0.0339609204611
9.5328884652e-05
0.0644148115495
-0.991496598639
0.00223386035891
0.0219512195122
-0.0936484490399

-0.00026047545453
-0.00026047545453
0.0322038313088
-0.0895415472779
0.0158421672556
1.01231527094
-9.92941176471
0.468110005851
-0.839078468734
-0.839078468734
-1.08087206305
-0.708687440982
-0.0892810718234
-0.0161026427101
-0.039827651417
1