-5.04
-0.2
-1.35
2.56
2.99
0.69
-1.31
30.18
6.17
-0.6
7.43



5.06
1.2
0.72
26.8
36.62
-0.00258438161664
-0.0506820450261
0.0706820194863
-0.0943000838223
0.106051761043
0.0737192416297
0.0386853278817
0.0276619862513
0.0797735091743
0.030303030303
0.0349844128853
-0.142993417915
-0.0149500852204
67.9545454545
0.0276619862513
0.150013287271
0.930562347188

-0.0153099201516
-0.0153099201516
0.0546761469794
-0.146384136858
0.0989631265722
-1.08136544307
-0.127118644068
-1.19973718791
-0.850792423657
-0.850792423657
-0.28055878929
-0.533688173439
-0.131074216707
-0.114273046724
-0.0859919396378
-1