
17.99
7.89

12.27
4.61
5.34
30.67
13.48
8.42
8.18
0.96
2.7

1.98
1.44
-0.47
-50.46

-0.119336534265
-0.138219895288
-0.145035725712
-0.271091113611
-0.131621187801
-0.136906917783
-0.135290807375
0.406273338312
624.25
0.0735075338547
-0.564139941691
-0.16503329094
0.125
-0.135290807375
-0.196957436478
-0.0954148876926
-0.544453662228
-0.0412478853617
-0.0412478853617
-0.00937975012049
-0.106254253951
-0.0944432706529
-0.136012776151
-0.223821989529
-0.0758187528039
-0.139549055454
-0.489623041084
-0.352167659749
-0.170684975251
-0.0650063685897
0.0531953852911
0.10378784035
1