
-0.89
-3.46

-3.22
-4.61
-1.97
30.36
8.48
0.04
5.81
1.98
1.24
3.54
0.02
36.59
59.47
27.55

2.6
1.15
1.05
-0.51
-51.08


-3.365517
170.858621



19.817241
97.382759
-0.0333333333333
-0.384019949088
-0.202535059331
-0.259379802911
-0.208649912332
-0.227246978852
-0.302882167227
-0.344736208143
-0.317372072225
-4.93453355155
-0.888888888889
0.515124033075
0.000755929320608
-0.247679324895
-0.992657856094
-0.317372072225
-0.291106451215
-0.32953826692
-0.605059219135
-0.123414418399
-0.123414418399
-0.134127979925
-0.0978110944528
-0.0501390996459
-0.975552968568
0.764601769912
-4.31972789116
1.59849906191
0.644753476612
-0.0447909754479
-0.0992710120069
0.0256033239462
-0.073275318753
0.135965384512
1