39.47
23.33
16.28
31.29
18.8
12.9
10.96
17.48
13.8
11.0
11.5
3.81
5.31
1.99
14.9
9.8
41.21
30.08


1.92
1.33
1.24
41.23
70.17
82.5
39.159091
357.159091


99.204545
47.5
240.590909
-0.0434782608696
0.0823293172691
0.103113325031
0.0731102850062
0.0941336971351
0.118085767557
0.014714204867
-0.0385395537525
0.0777845652617
0.313176895307
-0.625377643505
-0.0613496932515
-0.30814380044
-0.0170971262277
-0.670682730924
0.0777845652617
0.148982957669
0.191591017678

0.119381722345
0.119381722345
0.113802284635
0.146494156928
0.03242147923
0.226401703336
-0.948453608247
0.313262195122
0.477296726505
0.531390134529
0.436406995231
0.221971830986
0.0271124345833
0.0869602431149
0.0462714373387
-1