9.5
7.24
4.81
5.63
5.02
2.85
8.62
63.18
23.8
7.63
21.28




0.83
1.36
50.62

0.0608604844178
0.0652798982662
-0.0317036245436
0.205803583036
-0.333771760882
-0.293677853003
0.0508107096281
0.0628348961175
0.0
-0.000676221101152
0.000391975781927
0.183634702535

0.0508107096281
0.181341422974
-13.7211040828

0.0799406930828
0.0799406930828
0.0521357932744
0.0968357461356
0.0634392538713
0.4220244429
-10.6820809249
0.638857709022
0.647939217112
0.707467850885
0.0871900666259
0.0844069055412
0.0168950530528
0.0165014392114
0.111644317626
1