8.64
6.75
4.94
4.84
4.29
2.77
7.2
60.37
19.67
6.46
17.24
3.02
2.28


1.79
1.82
57.21

0.0526184525099
0.0838136166636
0.183799661757
0.131609650959
0.288461349597
0.301517587916
0.0770016555049
0.0382936578504
0.0
0.140825100123
0.0142624901923
0.113797718988
0.257425742574
0.0770016555049
-0.0803852753837
0.286126470542
-0.16245806538
0.0396547749816
0.0396547749816
0.068246379609
0.0217049944281
-0.00997975887394
0.393635871804
-0.191736245996
0.297392126611
0.248721396348
0.286366241898
0.058793910858
0.10604095139
-0.0179497805535
0.0496345338556
-0.144144886775
-1