
-1.72
-1.71

-0.56
-0.7
-2.82
46.8
30.4
10.33
18.91
6.03
3.05
0.7
28.88
57.36
60.67
21.24


1.49
1.41
-0.01
-0.54


-8.630137
306.438356



38.90411
505.890411
-0.0875
-0.0589727330374
-0.0614466292135
0.0283687943262
-0.113636363636
0.118694362018
-0.0462962962963
0.201183431953
-0.0430163254729
0.0526315789474
0.0
-0.0780222920835
-0.0847457627119
0.284960422164
0.832
-0.0430163254729
0.122529644269
-0.269938650307
0.173634642833
-0.0513146734521
-0.0513146734521
-0.105935386927
0.0194741966894
-0.0748299319728
0.593103448276
0.166666666667
-0.411214953271
-0.633333333333
-0.58064516129
0.0266990291262
0.0985460420032
0.0707888701415
0.0235152585207
-0.0796834677783
1