30.32
13.02
9.08
17.32
8.65
5.19
10.3
100.0
17.52
13.27
10.13
5.98
4.83


1.63
0.51
29.96
42.77
0.0167053424176
0.0107634046088
0.0253839635314
0.0259196438037
-0.252247058647
0.398826084006
0.0182399265881
0.160493477773
-0.00514933058702
-0.0404214391053
-0.0666327207215
0.0128694334617
-0.281240939403
0.0182399265881
0.233749667114
0.0458681066604
-0.0912020562788
0.379595754984
0.379595754984

0.379595754984
0.350565844155
0.605069650442
0.534672913625
0.626584629185
0.62754944796
0.734438313742
0.534882730645
0.526477578545
0.0
0.0290299108299
0.354211791453
1