14.12
8.71
3.06
8.46
7.23
1.83
7.05
73.72
30.84
15.03
20.03
6.63
3.45


0.79
0.35
21.66
27.65
0.00877796404099
0.0653539090644
-0.0563049724726
0.11958765687
-0.119998332198
-0.13303786418
-0.000531152418783
0.0549202093101
0.00708605644183
-0.0886054628651
-0.133582887154
0.38331228531
3.03900752804
-0.000531152418783
-0.143017459994
-2.95767627938

0.055981732856
0.0453542442362
0.131666396499
0.0313920148113
0.0849938504323
-0.135388472013
-0.132207581498
-0.138956873625
-0.156983377381
-0.134535264726
0.0483378420363
-0.0244621913598
-0.0139622294249
-0.0396396061961
0.101659216709
-1