6.76
5.01
3.39
3.7
2.98
1.86
4.37
6.31
5.26
4.3
3.36
14.02
2.3


1.54
1.97
50.2

2.59737620103
1.1938372706
0.883617035367

1.18352509476
1.86588009206
1.68496208295
1.30875424026
0.592734225621
5.13750316448
7.62119549948
1.13948485022
-0.060460251046
1.68496208295

0.541693869779
3.87906205465
0.274727442409
0.274727442409
0.280012294098
0.201087821422
0.333513826161
0.147686444211
-2.53965026434
0.180885108692
0.20606357653
0.140135560825
0.197023683374
0.182355692143
-0.0736396209875
-0.0587863837514
-0.608889592957
