13.21
12.19
7.71
7.5
7.39
4.38
4.71
6.7
5.67
4.77
3.58
3.4



1.75
5.22
58.38

0.00876638682434
0.113825356728
0.0794094543855

0.0752943023341
0.0829198283002
-0.118597666059
0.0451845918602
0.12062664001
0.0376984126984
-0.32361847707
-0.49819578199
0.125052066857
-0.0739574756623
0.0451845918602

0.0238998396697

0.0854917458426
0.0854917458426
0.0878537918178
0.0536146778052
-0.329761875304
0.369507744378
-0.428671003717
0.393559001645
0.385341012428
0.370257653834
0.247630615668
0.289740261838
-0.0318770680374
0.415253621147
0.00608229145709
1