8.14
7.75
5.66
6.76
6.79
4.7
36.38
71.88
65.97
48.8
47.41




20.09
2.32
69.51

-0.0202623322414
0.00871619444091
0.311142052262

0.333768081575
0.302641543053
0.155508040447
0.00580432866916
0.00770125870429
9.43396226415e-05
0.0111553376497
0.0272975867212
-0.358370464672

0.00580176701754

0.386972351393

0.0904230755568
0.104707968445
0.075356542318
0.0964343396695
0.0882827506723
0.100330517811
-0.0578206078577
0.167224080268
0.167224080268
0.0563268092854
0.0680683986496
0.09746382702
-0.00827362877515
0.0164252177724
-0.206434083817
1