28.91
23.29
19.95
12.26
10.18
8.46
12.57
28.54
16.13
12.95
8.51
5.39
5.28


2.65
3.7
69.02

0.320613095535
-0.0566341114817
0.0745982849055

0.00101032779524
0.285852400902
0.267928786359
0.228514732161
0.175789185529
0.00709219858156
0.42960991757
0.559492398543
0.277583493618
0.699507389163
0.228514732161

-0.0198007725147
-0.0448159819938
0.237332384004
0.239817151313
0.257248652449
0.190131301237
0.171564702114
0.21327676566
24.5
0.179287249463
0.175147847614
0.144884412909
0.154318756776
0.204599713513
-0.0496858500751
0.0682524491985
0.165218866407
1