31.95
29.23
25.05
13.47
12.54
10.56
13.86
30.32
17.0
14.07
8.77
5.6
6.36
2.08
80.52

42.24
2.31


2.24
2.24
9.38
78.39

11.82
13.090056
94.469512


40.971857

52.265009
0.26678550208
-0.0140331463924
-0.094817246386
-0.147258593528

-0.116631153976
-0.215705931495
-0.364283595372
-0.0576589680922
0.0703852563474
-0.0281690140845
-0.577181512758
-0.967773122784
0.0103332649011
-0.265942028986
-0.0576589680922

-0.242782478845
0.174802616766
0.0731168014663
0.0731168014663
0.0464146976148
0.139969011929
0.118348655207
0.165994734244
-0.390756302521
0.182843095702
0.168822049271
0.176229508197
0.106073888541
0.131003501354
0.0668522104623
-0.0452318537403
0.220375394994
1