32.26
26.67
23.81
15.05
12.54
11.11
15.88
31.07
18.74
15.79
10.35
5.75
7.56


2.76
4.58
73.8

0.295459762785
-0.0290117860381
0.189739241043

0.375692373242
0.42774926116
0.26413231744
0.190092957231
0.00724637681159
1.43455384946
13.375
-0.0361013275535
-0.753208292201
0.26413231744

0.372391125719
0.187452097525
0.04877637047
0.0133658376736
0.037408616095
0.0749013378748
-0.0133235545777
0.17676322196
-1.42988505747
0.201805933782
0.236607589867
0.329565734682
0.238054800725
0.155870327103
0.0615355002012
0.0266893922513
-0.176373403369
1