33.18

27.03
13.31

10.84
14.91
34.7
18.64
14.78
9.85




7.23
8.63
81.45

0.0596901962763
0.0262386286745
0.159508852085

0.162771372182
0.221792890263
0.123434052408
0.157611830115
0.0983606557377
0.1175
-1.0
-0.107120152575
-0.970489038786
0.123434052408

0.217905875801

0.058722621857
0.0590790534453
0.0455359830297
0.0844617278424
0.186334079522
-0.0280885643623
-1.83908045977
-0.00934079009995
0.0240369051473
-0.0890737962079
-0.0173307128819
-0.000863516430799
0.0253826743972
-0.127255026077
-0.100429798639
1