23.87
21.35
18.54
11.34
10.19
8.81
9.8
31.4
17.08
13.76
7.98
5.69
7.66


3.92
8.2
77.69

0.195806788688
-0.0269267156684
-0.023635080864

0.0908823817452
-0.165976871576
-0.236635115318
0.0742344292608
0.0381860682562
0.00735294117647
0.141845167819
0.650103519669
0.28882642305
1.30327868852
0.0742344292608

-0.0983959377207

0.0707926751996
0.0713866831503
0.109221385002
-0.00454907845988
0.0785297707853
-0.0940712232669
-0.0473984319316
-0.111632584646
-0.107321856614
-0.283812990559
-0.178468098066
-0.0715721753116
-0.0759357616101
-0.00714308763503
0.0950217640143
1