3.86
4.67
1.85
3.41
4.43
1.63
1.65
14.92
7.07
3.67
4.86
12.19
2.71

0.44
2.27
1.2
47.83
91.68
0.267870579383
0.174660633484
-0.525674178057
0.238505747126
-0.0401785714286
-0.778649921507
-0.474336283186
-0.132525629077
0.45110821382
0.111111111111
-0.0996613449444
-0.139680333565
-0.678571428571

-0.132525629077
0.0811359026369
-0.239660657476
0.0391523111
-0.104647160069
-0.104647160069
0.0321828358209
-0.490144546649
0.0502692998205
-0.80207253886
-0.778947368421
-0.824489795918
-0.744107744108
-0.744107744108
-0.418390804598
-0.666364460562
-0.38549738658
-0.154916459889
0.421027017988
-1