62.37
54.71
45.41
33.0
29.29
24.02
77.55
87.58
82.43
75.6
47.87
4.17
6.38

2.72
3.15
6.44
72.8

1.08272621031
0.895451368353
0.452774182414
0.0940594059406
0.509875976114
0.448491606269
0.389676390155
0.710865711783
0.561182404393
0.0300120048019
0.742225483901
2.33333333333
1.98300916611

0.710865711783

0.1733912937

0.157649967622
0.157649967622
0.154289493575
0.158128337211
0.0931873027659
0.169133491672
1.37068965517
0.184286135831
0.390935619187
0.382461791515
0.362131342074
0.175557682824
0.000478369589036
0.0644626648564
-0.295124214792
-1