50.31
44.76
38.39
13.39
12.4
10.21
57.27
87.94
69.28
54.92
29.59
2.34
6.35

12.27
4.56
7.07
76.29

-0.0845978438653
-0.0924021728339
0.30531830223
0.432126696833
0.794569516276
0.212020128583
0.253710293708
0.11084779269
0.164120264346
0.0164835164835
0.0596040438079
0.0
-0.0967548527318

0.11084779269

0.491938429429
-0.399256246261
0.271741673023
0.271741673023
0.234345584022
0.27704742881
2.50577347597
-0.0761065518633
0.527272727273
-0.0608746967412
-0.485740510064
-0.527749547629
-0.213734781038
0.068784700802
0.00530575578719
-2.23403180295
-0.0335766292066
1