23.45
12.93
8.88
14.12
8.57
5.34
14.84
23.49
23.42
15.28
17.07
7.21
7.15
0.74
5.74
23.18
15.68
16.62


0.98
0.84
0.88
37.84
60.87
116.03
48.838
329.187429


208.216
13.344571
550.272571
0.129032258065
0.0464598667367
0.192917918652
-0.1281274521
0.0342043941411
0.152168422986
-0.190659217039
-0.296656687708
0.00881608990096
0.0206109190114
0.00503778337531
-0.0517426301019
-0.0882265260647
0.148355585315
39.7294429708
0.00881608990096
0.401362177083
-1.08817905259
-0.206809386349
0.224999362066
0.224999362066
0.220757387338
0.239023541585
0.0658008853046
0.357654718102
-0.82503104733
0.698274234732
0.756551623043
0.676417414532
0.31945646123
0.241401681245
0.0140241795188
0.159198476761
0.353126814166
-1