14.1
8.38
5.27
8.6
5.92
3.22
10.7
23.22
23.11
13.78
15.85
11.28
17.64
0.59
3.97
19.57
16.67
22.31


1.29
1.14
0.82
37.4
59.75
122.66
32.468065
303.39871


230.335161
10.75129
615.846129
0.0
0.099743035936
0.040904134826
0.262790897434
0.136856048063
0.211633146958
0.291704844055
0.203473518463
0.131236286347
0.110865821272
0.0179487179487
0.107269512516
0.130246158005
0.257295608866
-0.936263736264
0.131236286347
-8.62328453797
0.282251323488
0.585010495871
0.121218045615
0.121218045615
0.123767668924
0.112870601063
0.0176285173935
0.189086806575
-0.147762685953
0.341834422077
0.341834950608
0.341834950608
0.129813739903
0.113223106631
-0.00834744455189
0.103589528221
-0.141572851819
1