-1.73
2.92
-0.56
-1.21
3.12
-0.39
-1.17
24.09
23.76
11.72
11.22




0.77
0.58
32.02
47.1
0.029715782545
0.0391750719495
0.331142356511
-0.0190515178234
0.954713240102
4.88366776734
0.0539458116503
-0.0102429037211
0.00284090909091
0.0789770875202
0.119420373234
0.122559315441
-0.88689986037
0.0539458116503
-0.539865943185
-0.264946407304

0.0191746660458
0.0191746660458
-0.0660869771324
0.430917905994
0.0231030242303
1.46945225737
0.931865049905
-0.391931453052
-0.301161017943
-0.301161017943
0.0388010649275
0.420969905445
0.411743239948
-0.00392835818449
-0.311967690465
1