49.85
24.66
10.42
30.6
17.31
6.4
8.01
25.71
11.21
9.77
6.34
7.54
15.59
2.38
4.12
40.39
116.98
92.75


1.5
1.43
0.62
20.91
26.44
162.1
23.205
289.858611


46.548333
26.688611
222.618333
0.0
0.0493056202815
0.0114566284779
0.203088823639
0.0237368733901
0.238133665373
0.169683436747
0.137886777508
0.148696471033
0.618681477904
0.00158227848101
0.00341697850443
0.000134669252316
0.119860504373
-1.0
0.148696471033
0.151998753028
0.414286274664

-0.0774081975663
-0.0774081975663
-0.0557191180537
-0.13483033739
0.0482824704184
-0.326614154513
2.52656727829
-0.428702342281
-0.462430290578
-0.462430290578
-0.405471899721
-0.30168428597
-0.057422139824
-0.125690667985
-0.280497021205
1