15.21
8.89
5.32
9.12
6.27
3.19
4.35
27.31
10.27
6.8
6.08



0.53
2.75
0.76
34.94
53.7
0.436805352378
0.0818082828782
0.357005387562
0.60539171496
0.242130926103
0.139549839228
0.123196881092
0.39443648034
0.10983675714
0.0
1.07919642524
1.337957565
0.0446212931069
-0.469518289027
0.39443648034
0.455128205128
0.636181354973

0.231428145053
0.231428145053
0.257307244695
0.167472720567
0.133504039084
0.283561869542
1.78464419476
-0.0156328905478
-0.0105132535935
0.0546945501628
0.0658718280155
0.204339717054
-0.0639554244864
0.0979241059692
-0.125577242509
1