24.0
16.8
10.79
15.34
11.65
6.9
7.52
28.09
11.18
8.59
7.39
10.21
21.84
1.9
6.43
6.59
60.03
29.03

0.45
2.28
1.38
1.46
44.97
81.72
72.88
16.945637
225.418895


70.598346
53.592365
156.986277
0.0652173913043
0.00996114088335
0.0304814152746
0.211470640099
0.22706803009
0.18064419873
0.256520227194
0.354983250475
0.11254772194
0.220905149464
0.0
-0.0683477445142
-0.0730170920245
0.210833319379
0.351174261945
0.11254772194
0.22522946481
0.211968877776

0.156286436242
0.156286436242
0.160397555828
0.145891710821
0.0804334191232
0.328518156475
-0.255489453759
0.496263961599
0.636452217364
0.574861178638
0.26527421424
0.207459364673
-0.0103947254209
0.075853017119
-0.0551842038565
1