16.7
10.55
7.32
10.3
7.19
4.51
7.74
29.27
12.0
9.03
7.75
10.41
15.36

0.28
3.15
1.11
43.81
77.96
0.698375961019
0.552905810207
0.52948329797
0.330524046702
0.644734803702
0.918865398869
0.605584989352
0.164870189415
0.0
2.19554519455
1.92413775889
0.350821791392
0.030303030303
0.605584989352
0.451955262814
0.629533040416
0.202523580768
0.105733736856
0.105733736856
0.154919786848
0.00255911450477
0.180232489491
-0.250346647394
1.13526448363
-0.323339997523
-0.360441282068
-0.373155245015
-0.216409810046
-0.161507664231
-0.103174622351
-0.0744987526357
-0.423749561114
1