17.76
9.6
5.1
11.6
7.27
3.33
9.6
50.27
19.51
11.42
14.37
8.99
7.45


0.68
0.61
28.71
40.28
0.065497526439
0.0672040001493
-0.0227685430926
-0.0159021406728
-0.0463242698892
-0.0127190503109
-0.371951219512
0.0500537686968
0.0506727985011
0.0137012369172
0.0405419222904
0.0309602649007
0.0686498855835
-0.993212669683
0.0500537686968
-0.140997830803
0.335234215886
0.042370158566
0.117701802508
0.117701802508
0.0405244338498
0.206225680934
0.213718510405
0.181405895692
-0.490774907749
0.573994252874
0.314049586777
0.315257352941
0.168567355666
0.135100688249
0.088523878426
-0.0960167078974
0.1404703456
-1