15.18
8.45
4.43
9.54
6.28
2.78
8.26
49.08
18.34
10.39
13.14
8.29
4.79
0.71
2.82
18.97
32.85
49.45


0.69
0.57
0.62
29.17
41.19
165.83
55.432432
671.540541


365.297297
4.432432
1252.135135
0.0338083263481
0.0724254893238
0.0875874125874
0.10863350486
-0.185829707893
0.196937697994
0.196392785571
3.52427184466
0.0783213853459
0.0955661830267
0.237281772104
0.06175993711
0.00200738718484
0.0904224255402
267.0
0.0783213853459
-0.792929292929
0.0515558267236
-0.0554743792222
0.0888733073316
0.0888733073316
0.114899991189
0.0631211857018
0.0842639593909
-0.00882917466411
0.282608695652
-0.0638977635783
-0.0985324947589
-0.0985324947589
-0.00426959438853
0.023355041545
-0.0257521216298
0.00460934794075
-0.0197601975283
1