
17.22
4.31

9.84
0.26
2.71
38.68
12.23
8.98
3.41


2.9
2.78
12.15
71.83
40.33

8.64
1.23
0.94
-0.5
-55.12


12.327506
454.648019



77.214452
286.269231

-0.0194219217197
0.0699144663444
0.0861080590455
-0.210148313943
0.110114378619
0.785131215004
1.1618172537
0.0365114129816
-4.21821293589
-0.993101170599
3.36017311823
3.96748604633
-0.165173904869

0.0365114129816
-0.0472012886153
-4.44340517826

0.149579614005
0.149579614005
0.122380411626
0.19550009903
0.10564085925
0.634773278597
1.7492976739
-0.156337241764
22.2614107884
-1.09692883895
1.73734046933
0.44663168431
0.0459204850243
0.0439387547547
0.0634715549597
1