-256.98
-39.73
-33.83
-289.17
-45.36
-38.07
-39.62
36.55
4.69
-34.26

31.19

1.13
-7.48
5.48
66.47
40.77

8.2
2.11
1.48
0.21
13.16
15.16
472.07

390.317951


60.183743
99.148603
457.134632
0.0620503597122
-0.452275923016
0.0831590499658
-0.0674837884496
0.570991340699
-0.123165040743
-0.258088848307
-0.26902665569
-0.302174290979
-0.755295891703
0.00475624256837
0.0173493829781
-0.00804905744424
-0.131151655817

-0.302174290979
0.302113392604
-0.00168118188097
-0.697577837244
0.0210866858938
0.0210866858938
-0.0309611370639
0.126086113785
1.41101081432
-12.0893609551
0.164579901153
25.0748037116
10.1346242383
10.132620176
2.38608831575
-0.135741543626
0.104999427891
-1.38992412843
0.0885704743434
1