13.94
11.78
8.8
9.21
7.89
5.82
5.73
9.82
9.15
5.64
7.29
3.62
7.72


1.7
4.63
63.14

-0.0703076618458
-0.0205929197776
-0.0605992414088
-0.00670287103144
0.0083240738997
-0.0929512391839
-0.103162919749
-0.0664979017435
-0.0197724781577
0.0
-0.193824820593
-0.138893631552
-0.0996458501723
0.038180341186
-0.0664979017435
0.290158355885
0.00133260237001
-0.255364809822
0.11672798971
0.11672798971
0.108000442867
0.203774162512
0.472769554697
0.0602585383029
-0.683887633193
0.02352566146
0.00521795345401
-0.0282729230628
0.231551511134
0.24519551784
0.0870461728019
-0.356041564987
0.177327231119
-1