20.66
13.72
11.06
14.9
10.11
7.98
12.77
34.68
20.29
13.36
16.13
1.32
3.44

2.15
4.16
1.69
53.55

-0.00728497792315
-0.0046145547596
0.0201571019067
-0.0238300040671
-0.180259925701
0.10225879864
0.112431436092
0.00931764445687
0.0745945482128
-0.0471023278371
0.00394319685051
-0.0755834155698
-0.165742534065

0.00931764445687
-0.0963928863513
0.0974834752707
-0.602841170903
-0.0480948900074
-0.0480948900074
-0.0195183517296
-0.0976243347716
-0.0448930041721
-0.170687996784
0.248286981056
-0.183504178452
-0.333883811231
-0.33495680941
-0.237165244684
-0.133621079906
-0.0495294447642
-0.00320188583531
-0.0682519919141
-1