
-0.24
-2.45

-3.02
-4.01
-0.98
7.03
12.27
-0.5
11.15


4.43
-0.53
31.19
36.77
38.75

4.8
1.13
0.95
-0.01
-0.71


-3.32829
337.871911



8.976299
135.874937
-0.293803418803
-0.42152848857
-0.43937393928
-0.244920993228
-0.395950506187
-0.326377952756
0.0959040959041
0.150265957447
-0.345511076564
-1.15
0.0
-0.367768595041
-0.00264375413087
-0.245537990821

-0.345511076564
-0.524572649573
-0.240157480315

-0.102213646353
-0.102213646353
-0.0864718995659
-0.268777157045
-0.374814080317
-0.795566502463
-0.383458646617
-0.69387755102
-0.847435043304
-0.82421875
-4.74348697395
2.25673534073
-0.166563510693
0.272600433965
0.142707346875
1