6.62
8.96
2.47
-1.46
5.45
-0.54
1.97
35.77
8.83
6.06
2.34



0.3
1.84
0.77
37.31
59.52
0.00307070886695
0.0216208360918
0.162301337001
0.190252509887
0.00426585936425
-0.0129076086957
0.0404815120742
0.0409625682384

0.0381589555864
0.0
0.0471560857881

0.0404815120742

0.338008671577

0.106673305543
0.106673305543
0.104442206557
0.110701895157
0.11039227268
0.112221237127
0.0290822518906
0.337550607287
0.454311454311
-0.38
0.258468630988
0.103242439727
0.00402858961401
-0.00371896713657
-0.0556280314574
1