10.93

6.13
9.38

5.26
14.57
91.42
23.8
15.1
21.2
49.96
31.37
0.57


84.44
7.42

22.85
2.4
2.4
3.17
56.03

31.5
46.263889
317.482556


423.160333

755.257667
0.267605633803
0.326430721293
0.0415279006651
0.350410686006

0.19552156804
0.383528320496
0.322146644491
0.341492098653
0.388447332818
0.0345084409136
0.164790760308
0.0
0.38260736514

0.341492098653

0.328348084502
14.1489633109
0.411774674805
0.411774674805
0.00792757101526
0.466962146097
0.398073876412
0.95337172244
-6.92126909518
0.863400597004
0.81350901582
0.81350901582
0.932698135235
1.01588515725
0.0551874712926
0.0137007983927
0.0613639887987
1