
7.14
-13.33

6.66
-13.59
-4.7
67.82
12.32
6.43
1.09
4.29
7.29


0.8
-0.35
-29.33

-0.083774978674
-0.0787856590567
-0.0434099745102
-0.249903474903
0.00196696849459
-0.301751419777
-0.069814932993
0.0128606378524
0.278481012658
0.044801691312
0.0291164000861
-0.194924063059
0.0970645792564
-0.069814932993
-2.91016548463
-0.506539812543
0.719698961226
-0.0122650313292
-0.0122650313292
-0.0720508296467
0.0188831962365
-0.0877013213871
-9.88367758969
0.722341147601
-0.34642711822
-0.340343161546
-0.340343161546
-1.52016474112
1.77693263355
0.0311482275657
0.0754362900579
0.031144943181
-1