29.38
16.46
11.74
19.09
11.0
7.63
38.27
85.56
77.27
36.65
65.49
4.32
3.55


0.51
1.13
39.96
66.56
1.92174162542
1.94532564131
0.15808740628

0.782320653409
-0.102651834906
-0.790967405087
1.45151335813
0.919303695552
0.0
2.18779733628
9.340425
1.77988018576

1.45151335813

-7.04970075961

0.367999917968
0.367999917968
0.51155093925
0.346427700848
0.777597188866
0.017148305452
7.10930668332
0.056298400833
0.0533321341847
0.0533321341847
0.441021567151
0.335292187325
-0.0215722171193
-0.409597270898
0.209912511688
-1