
5.85
3.64

5.26
3.13
4.26
33.23
11.49
7.92
7.24
-0.1
28.72

2.49
2.81
-0.11
-11.02

0.0470380973354
0.00637303498088
-0.0852921423774
-0.0223201984018
-0.0759089093088
-0.120867768595
-0.167760884589
-0.00841776686112
0.221109839817
0.0
0.0086702882068
1.0
0.0230282095567
1.3829787234
-0.00841776686112
-0.126747991669
-0.135834527221
-1.0308146638
0.0647791474063
0.0647791474063
0.0945391648134
0.00961802693048
0.0148676417261
-0.00680786686838
-0.193891102258
0.240773286467
0.191470844212
0.344026548673
0.233059548255
0.0338937093275
-0.0551611204758
0.0499115056802
0.150071289784
-1