
7.52
5.62

6.64
4.85
8.97
39.78
14.7
10.34
12.1
4.09
7.83

2.25
3.57
-0.02
-1.77

0.0119683693097
0.0179684103753
0.169153312458
0.175430643699
0.21634940574
0.137402015677
0.0764830401693
-0.74699197861
0.0
0.0110795981658
0.422018348624
0.0772185162725
2.11904761905
0.0764830401693
0.0243088655863
0.209259259259
0.670343971588
-0.0530973451327
-0.0530973451327
-0.0988531468531
0.025734939759
-0.0472907595549
0.312292358804
-0.689830508475
1.5879180151
1.55418719212
1.90870786517
0.757328990228
0.214396045721
0.0788322848918
-0.00580658557783
-0.222250657591
1