35.85
23.31
13.66
35.49
23.11
13.52
5.67
13.76
8.28
6.61
7.29



0.25
1.82
1.22
38.09
61.53
-0.121516860895
-0.0859791409992
0.343175285351
0.112993552638
0.313185576447
1.12648939262
2.34034416826
0.0881784019585
6.42595433625
0.148698884758
-0.432331001056
-0.429490996868
-0.0338642078793
-0.727409022761
0.0881784019585
0.250060096154
1.57567309983

0.17248462734
0.17248462734
0.108651335083
0.83471466086
-0.145176662418
-8.62391930836
-0.797157971165
-2.03106925053
-2.02058468905
-2.00214481812
-3.32001712957
4.20487745986
0.66223003352
0.317661289758
-0.170690658012
1