-138.18
-89.64
-46.82
-138.6
-89.93
-46.96
-31.01
-1.78
-14.55
-19.56




0.36
0.69
2.1
33.88
51.24
-0.115426300578
-0.108436104396
-0.536649908978
-0.442376420944
-0.772331993271
-0.962776321978
-0.325920102177
-0.505862340896
68.9537037037
2.63640020111
5.85113470747
-0.336896175382
-0.9958055884
-0.325920102177
-0.560558035968
11.9455151964
-0.529254015267
-0.59598810351
-0.59598810351
-0.56834703969
-1.15167575207
-0.581146574989
-0.36330786205
6.76168505517
-0.0367407734319
-0.191224389236
-0.165713968148
1.1539532498
1.62121535181
-0.55568764856
-0.0148415285205
-0.0593381945315
-1