42.23

14.3
35.46

12.01
9.81
30.46
13.49
9.85
11.89
2.75
3.4
1.92

15.91
43.65
15.06

3.59
2.21
1.83
0.81
33.87
51.21
124.04
35.277778
359.444444


83.541667
51.138889
246.666667
-0.0649350649351
-0.0868989854433
-0.0606781677573
0.0682893847194
-0.0828635851184
-0.324580284115
0.921352893236
1.14410480349
-0.0101437966782
-0.0100394996708
0.0
0.0623665100384
0.496551724138
-0.115424323766

-0.0101437966782
-0.179041248606
0.289010171173
-0.711733966776
0.0712363922348
0.0712363922348
0.0764399784676
0.0595430107527
0.105034182722
-0.0244929200153
-0.958333333333
0.0596579057155
0.680685358255
0.700956937799
0.41295360588
-0.012443438914
-0.0116933814821
-0.0337977904874
0.00294700751537
-1