36.45
21.21
13.46
18.84
12.2
6.96
12.41
50.38
16.79
12.37
10.83
18.89
24.63
1.5
7.27

49.43
8.14


1.91
1.91
1.05
36.92
58.54
95.42
55.541719
447.48132
15.32
68.55604
152.366127

412.648817
0.020979020979
-0.0656685180229
-0.0394237486547
0.174431639986

0.28699814781
0.135741697152
-0.0114698148045
0.0481486577749
-0.0108095434443
0.0
0.0235453481389
0.00863643242698
0.176969588734

0.0481486577749

0.171647847318

0.15524530607
0.15524530607
0.180222762855
0.131661275452
0.262206758249
-0.141180901611
-1.03566728086
-0.0703491401772
-0.23301342293
-0.23301342293
0.0864866374375
0.0485375287931
-0.023584030618
-0.106961452179
-0.0191863339164
1