22.38
22.12
4.83
45.1
43.78
9.73
9.92
67.74
18.77
10.0
28.76



9.97
0.83
20.45
21.57
27.5
0.198475040609
0.0171722034986
0.446303192131

-0.24206702762
0.537823702003
0.482748369774
0.347457586145
1.4458640192
0.0564829386775
-0.798781322744
-1.0
0.286296287459

0.347457586145

-0.173050726143

0.178970333864
0.178970333864
0.142174650829
0.197336530192
0.139983699133
0.68782673637
-0.995960434914
-1.72900184242
-2.93165217391
-2.13013755732
-4.22679900744
0.277214808869
0.0183661963285
0.038986634731
-0.267332858268
-1