52.8
12.45
10.85
54.99
12.93
11.3
28.95
45.35
37.44
32.49
35.09
2.46
2.66
0.4
14.24
15.29
33.73
18.94


2.5
2.09
0.28
20.54
25.86
359.79
277.324167
958.07
2.4
22.964167
525.224167
101.9925
2556.660833
-0.555555555556
2.80782117361
0.217442811542
-0.779725198642
-0.227610866795
-0.943153343902
2.06919198103
2.79153328542
0.108666955036
4.49431189142
0.0403846153846
-0.092386682815
-0.890322750945
0.0865024863841

0.108666955036
-0.936262853822
-0.856210335828
-0.718419114228
0.48385572958
0.524007160148
0.266059353112
0.871951197619
0.206085686068
1.39491903535
1.50561866749
1.38201547502
1.35365021837
2.09449191511
1.66119775174
1.20068616774
0.347944037471
0.31792147408
1.30373235879
-1