121.79
6.1
5.05
97.63
5.04
4.05
18.03
35.95
25.24
20.13
19.56
19.26
13.27


12.32
0.05
4.14
4.33
0.230944438756
0.336274797445
-0.0213409331705
-0.0777336605798
0.0393189433552
-0.547921698873
-0.759643241291
0.0309845144489
59.1221174004
-0.285714285714
-0.00967063691908
-0.0272475489591
-0.0308996821681

0.0309845144489
0.0288661793395
-0.0204878583263
0.239946541829
-0.391318932712
-0.261982548691
-0.251318117841
-0.543447791997
-0.396574991627
-0.616717650094
-0.907845966669
-0.393308146604
-0.371536241898
-0.435400692649
-0.361853682358
-0.561643252257
-0.281465243306
0.134592442936
-0.240641615521
1