7.88
5.82
2.27
8.75
6.09
2.52
16.91
85.53
63.87
39.42
43.22
21.36
20.8


0.8
0.46
28.86
40.57
0.339470344266
0.28433677235
0.418362870679

0.196808931824
0.548110364016
0.76609963548
0.3442065594
0.162043622882
0.0712589073634
0.403667557151
0.391269032878
0.753911290907

0.3442065594

40.3868739206

0.142492579956
0.142492579956
0.169747635308
0.138005892386
0.163401335539
0.109675920231
0.295993961589
-0.0685744851565
-0.0685744851565
-0.502035085912
-0.271671617607
0.117250811233
-0.00448668756976
-0.0209087555826
-0.275870290723
1