41.52
25.04
18.7
35.3
21.45
15.9
27.51
63.6
32.59
28.66
27.32
10.52
13.34

4.99
3.23
1.37
45.04
81.95
0.0541152910345
0.102459778666
0.224034926615
0.0419187469408
0.0246987329617
0.330094404475
0.353893994098
0.169939896979
0.147624852989
0.0112508272667
0.0249363418833
0.0
0.559836724116

0.169939896979
0.0532008648327
0.116131783133
-0.0827012175602
0.126455316541
0.126455316541
0.120914711944
0.12965112932
0.0918590280404
0.179400442734
0.772972077223
0.163039580873
0.134127717982
0.134127717982
0.13801958494
0.177248336553
0.00319581277868
0.034596288501
-0.097579610074
1