56.31
30.8
22.93
48.79
27.07
19.87
23.63
61.57
29.3
25.16
24.62
8.04
8.62

5.18
3.3
0.98
40.73
68.72
0.0350982075892
0.0667180583876
-0.226957096734
-0.0161295824616
-0.338848667307
-0.381654627468
-0.13724053789
0.127848606665
0.00679809653297
0.056307095335
0.0
-0.560311284047
-0.905980592229
-0.13724053789
-0.0642159070791
0.152374236988
-0.683873571647
0.0692957731181
0.0692957731181
0.0320289855072
0.0939497917766
0.0667492453536
0.135869456172
-0.0622104566512
0.15161266368
0.202956668358
0.202956668358
0.206481864656
0.14757978697
0.0246540186586
0.0025465277645
0.296252869852
1