16.93

13.49
9.91

7.9
5.68
26.41
6.22
5.8
3.74
8.72
8.3


4.24
15.19
79.69

-0.00606650545526
-0.100170978293
-0.0663754262304
-0.129221340348
-0.151881848499
1.40941259731
3.40659223817
-0.0453958270287
0.0376447613177
0.0135537769469
-0.46919143406
-0.622415609898
-0.166506910733
-0.0254545454545
-0.0453958270287
-0.104736379799
-0.0303745330843
-0.0180961736938
-0.032869327005
-0.032869327005
-0.0409660459736
-0.00957201618862
0.0239765552182
-0.112870432013
-0.363808322825
-0.105499064659
-0.105498673858
-0.0813111132768
-0.0640573059159
-0.101170326773
0.0232973108164
-0.0568458822233
0.0335060992254
-1