10.61

6.75
5.42

3.45
3.91
24.45
4.48
4.05
2.42
14.74
15.47


3.37
3.71
63.59

0.562762667818
0.368003635012
0.65380564612
0.634336864424
0.449111470113
0.401722806679
0.620829789641
0.293284968282
0.109862239899
4.28677116321
-0.353846894096
1.07677326013
-0.436567164179
0.620829789641
0.567868763317
0.523083934545
0.43302794317
0.177374095494
0.177374095494
0.208826604176
0.0897420195295
0.16506447296
-0.177957163719
0.35332011893
-0.189056838182
-0.145703920887
-0.292892503536
-0.237368578209
-0.152215671988
-0.0876320759643
0.0123096225342
-0.476431550626
1