
49.51
33.04

33.78
20.97
26.81
55.91
31.9
30.82
18.09
15.49



0.72
-0.08
-6.83

0.175774709974
0.49376654633
0.31955211025
0.216869751878
0.438088445078
0.318508059772
0.191510992502
0.197751980572
-0.152310572715

0.114591858224
0.1197855481
0.403663917824
3.02595744681
0.197751980572
0.174407559244
0.685028026612

0.0712911432867
0.0712911432867
0.0690941832394
0.0730302544574
-0.0900582491157
0.256390251643
1.13168227122
0.183760270662
0.203111202853
0.203111202853
0.197193373959
0.250847360623
0.00173911117066
0.161349392402
-0.248260966963
-1