-0.39
3.01
-0.14
-1.2
2.71
-0.43
-1.34
69.58
64.25
25.18
34.93
16.77
12.28
0.11
0.86

65.12



0.72
0.72
0.59
36.08
56.44
168.72
-17.256757
1292.856757


4474.0

12400.610811
-0.0263157894737
-0.0426785735997
-0.0274025395733
-0.163267010809

-0.0973200221158
-0.428224150216
-0.428224150216
-0.0456812861453
-0.0803388242928
0.00302363936229
-0.0234258275369
-0.0222483710814
-0.0542450119335

-0.0456812861453

0.408834486429
-0.0500775406207
0.015007935767
0.0119542234332
0.0101767392783
0.0171347370351
0.157101376639
-0.161700320881
0.0326265735177
-1.30619095574
-1.31196560783
-2.8504193849
-0.0134633213069
0.0167854283692
0.00518051360187
-0.145147153206
0.175221234242
1