12.0

9.26
7.87

6.07
3.35
28.34
5.6
3.23
4.57
7.79
12.62


1.96
22.93
77.16

0.0117878881788
0.0136089640904
0.0663105122046
0.022505119598
0.156977438224
0.13095921884
0.0252785049005
0.031947198125
0.0303021633504
0.143688190809
-0.0983193545301

0.0652915814565

0.031947198125
0.103479050791
0.0673715335942
-0.00734190558049
0.0329866804009
0.0329866804009
0.0369072413313
0.0232064258679
0.038426896152
-0.0813685603647
-0.376672613738
-0.0967498373757
-0.0896268523478
-0.0896268523478
0.0477378477378
0.0252914599855
-0.00978025453302
-0.00544021575105
-0.0333238318037
-1