14.17

10.68
9.09

6.85
3.89
29.07
5.95
3.83
4.62
5.96
8.22


1.9
21.4
75.37

0.0356487035722
-0.000451954851471
0.155625600857
0.189838502291
0.0815819369497
0.07127668944
0.0805233113342
0.0448706700953
0.0
0.121253169393

0.22198922456

0.0805233113342
0.0502968253853
0.0895162711097
0.0791663321601
0.038728331574
0.038728331574
0.0253116994218
0.0729779913232
0.0341689988132
0.42571136858
-0.385466034755
0.396417212215
0.336312373657
0.336312373657
0.139003783349
0.221405735165
0.0342496597492
0.00455933276086
-0.116897269283
1