30.7

9.14
21.07

6.27
3.41
19.02
5.16
4.73
2.76




1.26
1.12
29.76
42.38
0.478856992583
0.0880390956492
0.0631021059379
0.292919122526
0.098060869462
-0.359122903572
0.216901584915
0.390032046115
0.0237226277372
0.00174464818919
-0.0878906604035
0.275839396007
0.172285359565
0.216901584915
-0.225344732312
-0.349859463104

0.181717194747
0.181717194747
0.181988107484
0.180564819743
0.122173546008
0.400412189018
0.169256026267
0.516452592012
0.594375654531
0.594375654531
0.470538669877
0.360023629236
-0.00115237500461
0.0595436487394
0.118615088809
1