20.76

10.36
13.61

6.79
12.4
31.68
16.02
13.46
10.69
11.27
14.4

2.67
2.3
1.62
49.9
99.61
0.116923976321
0.0223988260199
0.163078364459
0.059156071248
0.200057044594
0.255922060437
0.136991553346
0.158145054685
0.0
0.101981810239
0.063970766407
0.140908078651
0.223786689472
0.136991553346
0.0410072688878
0.18070027931
0.26803073793
0.0751960594057
0.0751960594057
0.0477757762648
0.139494923943
0.149267345624
0.126521951653
-0.0413842739759
0.143659057658
0.0699143887706
0.0699161425577
0.0735057888808
0.119685872132
0.064298864537
-0.074071286218
-0.0878823050536
1