27.63

22.78
17.02

14.03
29.95

30.91
29.95
19.4



3.46
5.67
26.91
82.44

0.633158813264
8.34673366834
-0.0759027896628

-0.0512687726567
-0.07812135628
-0.0809270516717
0.00152456454625
-0.00869445842676
0.0357142857143
52.6666666667

-0.128175783932

0.00152456454625

-0.0638846497921

-0.00488096423947
0.00452079566004
0.768518518519
-0.000743089269791
0.152771006013
-0.240482233503

-0.240482233503
-0.245290745291
-0.245290745291
-0.223357371795
-0.226840260391
-0.00526388492983
-0.148250210353
0.0804235853229
-1