60.31
21.34
7.51
38.63
15.55
4.81
39.99
89.28
58.22
54.43
29.41


0.4
4.19

991.53
872.12


1.01
1.01
0.36
12.45
14.22
274.51
170.037956
425.178102
20.61
87.614599
281.937226

2264.255474
0.0538461538462
-0.0455681409445
0.037023584049
0.195308283816

0.230065385535
-0.274029900195
-0.220784993555
0.0709247770654
0.714961860531
0.00019227071717
-0.0232995578482
-0.225350431024
0.0439573606161

0.0709247770654

-1.10264341957

0.206826252522
0.214882053251
0.505521531562
0.178747574752
0.0206012467324
0.308595297847
-0.54921029776
3.17881103577
2.99983916796
2.99983916796
1.99800497007
0.293855967769
-0.0361344784985
0.194280806518
0.0195737694347
-1