16.7
7.59
5.4
9.51
4.86
3.07
7.47
29.84
12.18
8.86
7.57
8.07
6.78
0.85
6.1
8.67
26.47
27.53


1.26
0.71
0.62
32.31
47.74
168.86
148.49711
1988.078757


889.369942
223.592486
2752.192197
-0.0107219442459
0.0538749530603
0.0612447830712
0.0104117724969
0.189748528304
-0.0218972809668
-0.158672147371
-0.510453158549
0.0453196498032
0.0417411439714
0.0253337160901
0.0433363308181
-0.00955007379296
0.0600844406131
1.56176490132
0.0453196498032
0.105312035661
-0.145606013371
0.0258428227664
0.0157353086668
-0.0255866529613
-0.0146144980149
0.0950341027002
0.0976959366568
0.0887818952465
-0.0225112428455
0.112355962568
0.06443055618
0.0652045320107
0.0219670812571
0.0540785384451
0.120620755661
-0.123282589618
-0.0359984254582
1