
-34.12
-38.81

-34.21
-38.9
-85.04
10.5
-8.57
-66.84






-0.27
-36.12

0.144452569301
-0.186991869919
-0.243273639861
-0.18051880274
-0.70771708096
-0.718584294251
-0.234286691607
-13.9952222383

0.147272931854
0.185026484855
-0.927651873483

-0.234286691607
-0.174375763799
-0.186419742541

-0.230320531527
-0.230320531527
-0.188808618099
-0.464126569744
0.0749909616221
0.276703239333
1.41220481646
0.419682483605
0.424074415858
0.413375637858
1.88292153904
5.10845646023
-0.233806038217
-0.305311493149
0.0129531083339
1