9.18

5.16
9.86

5.54
2.35
15.09
8.73
2.82
8.43
1.62
1.73


2.38
3.14
56.21

-0.185234484242
-0.0612020079366
0.188490257231
0.160234321158
0.903483010106
1.23783993282
0.0101756065141
0.11728069356
0.0339780449556
-0.204638479735
-0.21151939299
-0.0110434803696
-0.201450708869
0.0101756065141

0.392817410652
-0.791757846054
0.863081813749
0.863081813749
0.824042272455
1.11817090579
1.48636368959
0.28853004037
-0.831046365268
-4.84759560772
-1.90995954537
-1.83986833747
-5.38716854068
1.67067222733
0.255089092039
-0.623281875842
0.674591556518
-1