-2.67

-1.36
-13.12

-6.66
-1.14
13.27
6.09
4.08

20.76



1.98
2.24
50.82

3.10246227164
1.44488652884
-0.18384688405
0.402609956501
0.836168164313
-0.575509286125
1.46755040778
0.321079287165
3.04469473405
0.480650154799
0.0830673466143
-0.138652159651
-0.372361183407

0.321079287165

0.178679935607
1.25647105788
0.709915528321
0.709915528321
0.66175954918
1.10931859785
0.211579933034
-4.15011221012
5.29716735967
-0.464490292493
0.177898797368
-0.507279228354
-0.642371004333
140.824561404
0.399403069527
0.498335595286
0.89376241237
1