29.47

16.75
19.95

11.34
7.06
12.61
7.51
6.31
5.98
10.88
29.58
3.13

8.6
12.53
14.6

0.49
2.9
1.76
3.01
56.85

33.27
18.552568
262.885801


62.946828
29.065559
110.728097
0.0507936507937
-0.0743907107311
-0.0969652239619
-0.035409492439
0.313008393768
0.451891269955
-0.254183902612
-0.292767490509
-0.0473207439273
-0.045657331831
0.0
-0.196497084768

0.108771623275

-0.0473207439273
0.374052015939
-0.0971727670313
-0.14658014464
0.00665083300266
0.00665083300266
0.0154807195403
-0.0505816368924
0.0451580914604
-0.13014675584
0.279772415146
-0.0995087616394
-0.0710709815841
-0.0710709815841
-0.0599505227613
-0.113273568145
-0.0572324698951
-0.0385072584577
0.0420603254416
-1