0.76

0.33
10.51

4.51
0.16
7.25
1.53
0.12
3.69
25.52
7.56
2.54

10.33
15.06
15.8

0.71
2.81
1.95
1.23
42.9
75.12
81.47
0.380513
230.504615


50.013846
21.845641
116.593333
0.196319018405
-0.0594385625796
-0.084272467903
0.0950669942974
-0.0709498399146
0.60433558078
0.120626138016
0.491850757001
0.0312565202798
0.0562757903629
0.0
0.0163338918663

0.00836769828242

0.0312565202798
-0.116148307986
0.149572111754
-0.43689688029
1.12502895721
1.12502895721
0.778250316724
-2.42314071229
-0.123377865202
-1.00873729312
-0.847107438017
-1.01277922257
-1.13009420308
-1.13009420308
-1.2366967764
-1.1349702908
-3.5481696695
1.24840682241
1.02996196291
1