-1.25
0.23
-0.76
-0.38
0.82
-0.23
-1.3
55.39
10.9
-0.78
11.29



19.46
6.86
2.08
60.63

0.166861143524
0.0102438209324
0.108864132234
1.19418908945
-0.182445819801
-0.267633449592
0.125433078045
0.0828039876122
0.00129797886149
0.15
0.15
0.359470981169

0.125433078045
1.28250532132
0.0750692570932

0.288192501399
0.288192501399
0.437912157148
0.188511982997
0.0354188521505
-0.897727272727
-0.0769230769231
-0.84126984127
-0.89156626506
-0.89156626506
0.295014195348
1.329034054
-0.0996805184017
0.252773649248
0.179328369165
1