23.74
19.51
16.4
15.59
12.99
10.77
19.88
65.56
31.03
19.34
24.75
6.93
8.6
0.95
34.15
16.39
51.78
25.68

13.93
3.89
3.52
3.97
69.09

25.18
82.009346
412.616822


345.443925
55.081776
500.0
0.11822338341
0.129660545353
0.127797115863
0.088797483668
-0.280467445743
-0.229135053111
0.377707581227
0.34623015873
0.10780380484
0.157791699295
0.0
0.0247763248451
0.0
-0.00771869639794

0.10780380484
-0.348306841742
0.126727334007
-0.00541796447719
0.0866020612214
0.0866020612214
-0.00286885245902
0.14035951736
0.0822008617832
0.308429118774
2.16666666667
0.329545454545
0.365925925926
0.365925925926
0.097300690521
0.117227319062
0.0537574561389
0.00440119943812
-0.00219542244669
