22.63
22.62
9.79
17.28
17.65
7.48
0.74
2.21
0.91
0.83
0.64
4.73
2.75


1.56
13.23
43.28
76.3
0.751389956154
-0.0418226200163
-0.296136210239
-0.721185297343
-0.506732542666
1.43876778884
6.28688617206
-0.218804190772
0.256284138324
1.04895104895
-0.446748055576
-0.788962404018
-0.390154908859

-0.218804190772
-0.616561023225
-0.0295580116859
-0.0450156419729
0.348142966032
0.348142966032
0.343001927229
0.622905703624
0.536596806687
0.790005588674
-24.159025788
0.58888272931
0.609845296935
0.621647908851
0.659025588079
0.806356356896
0.274762737592
-0.188453840655
0.644279176271
1