19.11
18.56
6.37
15.01
14.69
5.01
0.76
2.03
0.76
0.71
0.64
13.36
18.53
23.93
34.28
144.73
28.71
24.06


1.45
1.36
17.27
33.35
50.03
5.79
109.554509
14515.660834
0.78
112.703903
573.309556
287.769852
1719.246299
0.148377125193
0.237711780555
1.30809083844
0.261286920944
1.0814200324
0.249887739072
0.165385352462
0.319023757014
0.25975958651
0.205526012673
0.0401459854015
-0.0170531516455
0.00279916025192
0.30084681759

0.259762071241
0.126119862851
0.180896167595

0.234852467046
0.234852467046
0.235602424242
0.199709573127
0.130444109001
0.353691275168
-7.00126262626
0.458031811994
0.587143458975
0.614481557222
0.584298376885
0.348509413361
-0.0351428939188
0.104408358045
-0.0264344538975
1