19.27
18.8
16.15
12.62
12.35
10.58
13.17
40.78
15.84
13.35
11.11
1.26
7.66


4.8
32.42
83.83

0.22107964949
0.187679212046
-0.194673875532
0.0510917956328
-0.249537370027
-0.334188088739
-0.08647054819
-0.0610516980541
0.0153203342618
-0.264733147927
-0.205743589744
-0.185011316959
0.0809061488673
-0.08647054819
0.187841373879
-0.19717830423
0.114834382717
0.0840143723425
0.0840143723425
0.0435620830809
0.148684224608
0.218930715136
0.0270921923633
-1.1157816192
-0.0930773857782
-0.128910370754
-0.128910370754
-0.0481157250716
0.0722553760675
0.064669852265
-0.134916342793
0.278688247875
1