15.8
15.66
5.51
11.21
11.37
3.91
0.64
2.09
0.69
0.65
0.5




1.49
14.08
34.85
53.48
0.0248038313339
0.632966723068
0.463287803132
-0.12466687856
0.927869951111
1.2326030727
0.42381956019
0.874490061166
0.0745098039216
-0.557221741968
-0.603582539085
0.360977333319

0.423816751876
0.29656919652
0.727130652795

0.544635806658
0.544635806658
0.548946615005
0.366434048161
0.316907302783
0.491098704308
-0.629560336763
0.55796171234
0.397990646111
0.386918309465
0.350800808583
0.454147421093
-0.178201758497
0.227728503875
0.0813480035262
1