17.87
15.25
6.44
14.56
12.61
5.25
0.69
1.95
0.86
0.74
0.68
10.31

20.72
15.47
73.26
22.46
18.09


1.54
1.31
3.94
36.05
56.38
25.37
132.482202
19256.314794
0.62
119.730256
741.35762
496.922692
2056.310345
0.199466310874
0.153306470538
0.415000155992
0.509878053086
1.23416506718
0.558059421649
0.0413954488641
-0.247269076158
0.440607064233
0.182533303525
0.0229885057471
3.18711458927
9.96425954571
0.491472847674

0.440607064233
0.913213761087
0.545124425029
0.353141764827
0.809763627868
0.809763627868
0.818291528075
0.464579715424
0.492829399995
0.420786659737
4.62619904077
0.341761955726
0.359712770387
0.321138460491
0.413252917678
0.487718280559
-0.345183912445
0.316934227873
0.299885574783
-1