16.6
16.43
11.78
25.45
24.55
18.07
6.82
29.32
10.19
7.37
13.28




1.43
10.95
70.98

0.151598460451
0.11619560341
0.214048575922

0.236617532971
-0.795336787565
0.170965644305
0.359028885345
0.0384615384615
-0.497308934338
-0.503091190108
0.111618351974
-0.51652892562
0.170965644305

0.548435171386

-0.0632654085525
-0.0632654085525
-0.103103647551
0.0490844597833
-0.294462147963
-3.3313559322
-0.955771305286
-1.43783319003
-1.61616509028
-1.67136715391
-2.13196347032
13.9215686275
0.112349868336
0.231196739411
-0.277313984474
-1