15.82
15.62
12.14
11.93
11.86
9.15
6.04
26.42
7.97
6.2
6.32
8.46
8.13


1.78
28.0
76.72

0.027965350249
-0.0707395498392
0.245394358089

0.0577138587972
0.875784190715
9.12658227848
0.0978758850479
0.186725779111
0.0
-0.536045681656
-0.973561430793
0.00041067761807
-0.57264957265
0.0978758850479

0.819538017324

0.278243630616
0.278243630616
0.330654942389
0.151877912821
0.177490234375
0.075608869502
-0.614634146341
0.131186174391
-0.493999441809
-0.443903688525
-0.392093586123
-0.000788436268068
-0.126365717795
0.100753396241
0.0328492725272
1