-1.95
0.13
-0.86
-2.87
-0.39
-1.26
-2.01
63.34
14.57
-0.3
11.93
14.81
7.68

21.41
1.36
1.3
44.0
78.58
1.46285867525
0.476119955572
0.113515032312
1.09254498715
0.416149068323
-0.150528541226
-0.141504178273
0.803924259056
0.725835322196
0.25
1.10832544939
1.76714393369
0.594401756312
1.90697674419
0.803924259056
0.822485207101
-0.390903857225

-0.0377906976744
-0.0377906976744
-0.0473740910688
-0.0321547835424
0.0378485784431
-1.07327586207
-0.517587939698
-4.42424242424
-4.4
-2.00606060606
-0.538960579412
-0.461379250095
0.00563591413202
-0.0756392761175
-0.151305729987
-1