3.96
3.15
2.28
4.07
3.23
2.34
2.7
27.62
8.13
2.2
8.71
9.46
8.58

1.37
3.73
1.82
57.51

-0.0570731473951
-0.0261999580801
0.0555687673405
-0.181985294118
-0.0758370310609
0.400127768313
0.604225352113
-0.0146786801122
0.0895479577788
0.0
-0.144865925441
-0.0490325417766
-0.0729112610275
-0.0220048899756
-0.0146786801122
-0.16013712047
0.112087661226
0.553460291891
-0.180666077218
-0.180666077218
-0.189348158891
-0.157004830918
-0.0640974705337
-0.607578676943
-0.581602373887
-0.602956705385
-0.0335820895522
-0.0456790123457
-0.0550351288056
-0.317316409791
0.0236612462999
-0.116568606684
-0.236234844558
-1