33.93
12.93
8.27
24.53
9.99
5.98
8.0
17.77
13.69
10.06
9.4
7.9
8.69

0.39
1.58
0.46
24.37
32.23
0.00540039016035
-0.0618137018587
0.0447513046691
-0.095462943954
0.00963966031673
0.245830023828
0.65306122449
0.018779342723
0.456345551667
0.0543147208122
0.0164595819325
0.0839067913246
-0.232066151203

0.018779342723
0.144073042402
1.74678111588
0.14352416852
-0.0169496491408
-0.0169496491408
-0.031862444074
0.0584945854784
0.0300677021107
0.0813581037796
-0.236363636364
0.211560171596
0.252659574468
0.214084507042
0.10818405339
0.0503259750658
0.0754442346192
-0.0470173512515
-0.0617009538099
1