36.85
25.96
12.72
20.84
15.11
7.2
4.73
26.37
6.83
4.91
4.59
4.5
6.92


1.18
2.1
34.53
52.75
0.013361278491
-0.0249161475803
0.289794921875
0.154218388386
0.0813704496788
0.947803946531
2.76424361493
0.156451409074
0.361188886496
0.0243902439024
0.0931586608443
-0.0195381882771
0.0643746295199
-0.351851851852
0.156451409074
0.37315270936
-7.53497942387
0.132780402828
0.0939242474731
0.0939242474731
0.0912894293282
0.101348486133
0.0614828209765
0.317365269461
-0.335766423358
0.37
0.456140350877
0.313060817547
0.145970603142
0.198432490203
0.00742423866043
0.0324414264966
-0.195870674402
-1