14.37
9.46
5.6
3.09
4.33
1.21
6.35
13.15
11.54
9.51
3.4
14.4
11.78


1.21
0.84
38.96
63.82
0.0272790037197
0.0301846786051
0.0151848983731
0.133427246997
0.241478968595
-0.384192411509
-0.637355618247
0.0251378790221
4.74580950259
4.89574479621
-0.408085314657
0.0125945104782
0.198867328939
-0.753156361282
0.0251378790221
0.160557441724
-0.409332789752
0.161669496326
0.780003298742
0.780003298742
0.984376223496
0.0593181771696
-0.261362392205
0.27043081189
0.056580343876
0.412688774826
0.4191771924
-0.131346533855
-0.34539879549
0.0392849897566
-0.720685121572
1.04136569095
0.764818400369
1