16.8
11.54
6.29
10.61
7.83
3.97
5.93
43.88
9.03
6.48
6.29
6.43
49.1


1.32
1.5
37.44
59.85
0.403299084452
0.511812976239
0.146891548184
0.255452980302
0.239209774675
0.0170765865346
-0.241297143485
0.263586165152
0.129045401154
0.00764525993884
0.387990605664
0.323358364461
0.343016059234
-0.000671566615677
0.263586165152
0.320504981604
-0.214984480615
-0.201014898837
0.138634200523
0.138634200523
0.137795554175
0.139708450686
0.154861296372
0.059494243278
1.01417783942
0.0143600279769
0.024409861864
0.024409861864
0.124847728103
0.120737015594
0.00107425016255
-0.016227095849
-0.00825734766134
-1