16.15
6.3
4.45
9.64
4.37
2.66
15.11
93.71
27.31
18.45
17.88
9.4
10.55


0.84
0.42
27.57
38.07
0.0710082649074
0.0733175549114
0.155931226347
0.0907297830375
0.12204862635
0.17715913904
-0.288629317182
0.0757869469652
0.0438889288719
0.0048309178744
0.11505759214
0.301814273491
-0.104207928829
3.59652235628
0.0757869469652
0.079476861167
-0.582538365823
-0.0978925567848
0.0951958509622
0.0951958509622
0.089170746752
0.0956024486631
0.118360962576
0.0116497511467
-0.167682926829
0.0622497497497
0.0188167315664
0.0283236554505
0.0463165572575
0.0284457109332
0.000406597700953
-0.0231651116135
-0.0607353753843
-1