16.93
10.85
8.09
11.91
7.88
5.69
7.87
23.73
11.3
8.57
8.27
9.38
14.28

0.89
2.03
1.44
47.81
91.59
0.271849795055
0.0543925233645
0.193922706264
0.252032520325
0.243989769821
-0.0342886386899
-0.164429530201
0.240521842261
0.118893115537
0.0
0.421217913708
0.491730436929
0.307843996494

0.240521842261
0.221210669222
0.101159678858
0.216762034662
0.275665624876
0.275665624876
0.276218151627
0.273892773893
0.211753037441
0.40091231627
1.36842105263
0.351970181044
0.39280245023
0.238557558946
0.233688107358
0.353640416048
-0.0017728509836
0.0639125874353
0.0817429186122
1