11.22
4.91
2.0
6.48
4.03
1.16
7.4
30.82
22.33
16.86
9.74
7.76
3.36


1.1
0.23
17.86
21.75
0.0981458531772
0.0159777258591
-0.172720755168
-0.262548525506
0.0270145615075
-0.646294247788
-0.646294247788
0.0835042257524
0.105615096567
0.0197530864198
0.0747358010968
-0.00218632914033
0.171711997019
0.0089605734767
0.0835042257524
-0.272723317234
-0.788820393202
0.0677233173759
0.0234986798178
0.0234986798178
0.0113709469892
0.0518066635382
0.096286701209
0.017599203055
-0.0588943623426
0.135584634867
0.146566401816
0.103639465454
0.122544671144
0.0446440058668
0.0283079837204
-0.0727880213912
0.196219434986
-1