16.18
6.44
2.95
10.45
5.25
1.91
6.46
46.98
20.23
11.6
12.8
6.4
4.12


1.52
0.26
18.25
22.32
0.0673620933522
0.0519019248396
-0.0184027777778
0.0532233883058
0.0131108462455
-0.190947666195
-0.405172413793
0.0499577226607
0.121699669967
-0.172297297297
0.110166756321
0.074809951624
-0.246663970886
-0.44069640914
0.0499577226607
-0.00172215843858
1.36855036855
-0.141852775635
0.0494530888923
0.0588720316623
0.0092204526404
0.0989010989011
-0.0915944214097
2.05019305019
-0.392361111111
-2.3880126183
-3.50833333333
-2.21367521368
0.713163064833
0.375249500998
0.0400290672388
0.150466453072
0.07727480944
-1