44.18
24.84
16.37
32.85
19.09
12.17
17.84
33.87
25.32
19.47
19.12
9.35
8.98


1.58
1.03
37.05
58.85
0.163265306122
0.074185088048
-0.0107403145378
0.0107317073171
-0.226673427992
0.309563758389
0.430296377607
0.0818451045499
0.284071305348
0.0
-0.259976023292
-0.322901554404
0.789704271632
36.1428571429
0.0818451045499
-0.118824669035
-0.442148760331
-0.212159819675
0.0344279165497
0.0344279165497
0.0415954415954
0.020714091033
0.133903133903
-0.0494481236203
-0.424920127796
0.0107581967213
-0.0106241699867
-0.00811359026369
0.0575287643822
0.00538599640934
-0.0137138255167
-0.0994752173534
0.0451682310875
-1