26.69
12.22
8.06
16.05
8.08
4.85
5.53
20.5
10.23
6.42
7.13
5.91
4.96


1.26
0.64
30.21
43.29
0.784871285821
0.304848498401
-0.223183467158
0.255891380118
0.126990155255
-0.481586106211
-0.535918337967
0.307321074127
0.227216214283
0.00470863683663
0.425227802035
0.713614105927
0.202425143176
0.218352562383
0.307321074127
0.117044203962
-0.67214640783
0.100660066882
0.0392954789768
0.0376997904091
0.0420025684218
0.0289256056492
0.162757888035
-0.178222613543
-1.79540062055
-0.381492649926
-0.435337879272
-0.436430893744
-0.222625054631
-0.0775716833359
-0.00877418475993
-0.125058097626
0.260883257567
-1