-10.12
-9.14
-8.37
-10.19
-9.2
-8.43
-6.28
31.82
8.78
-5.72
8.18
5.08
4.04

1.91
3.95
53.93
82.71

-0.308427302016
-0.130246441702
0.0415074833489
-0.211261265767
0.0450378363549
1.06265501118
11.4905920147
-0.12566600157
-0.101093907905
0.0
-0.523541735583
-0.863917525773
-0.176876297834
-0.954098673538
-0.12566600157
-0.188692224455
0.144494670852
-0.0485892594488
-0.221201681508
-0.221201681508
-0.254790949636
-0.137963850818
0.292657893772
-1.72663037966
-0.43290864733
-1.91096948629
-2.11762628047
-2.39756269869
0.046358066712
-0.214066185405
0.0832378306904
-0.513859575281
-0.262709164857
1