25.88
13.03
8.51
19.19
10.29
6.31
12.79
50.66
19.49
16.36
12.61
7.73
7.23

2.29
1.94
0.69
32.87
48.96
-0.0161065818254
-0.0264072272411
0.142863863016
-0.00149857635247
0.0182716049383
0.447031611411
0.75257445032
0.0388518458286
0.191397605402
0.0
-0.0596182449182
-0.116233340616
0.0810694264769
1.63366336634
0.0388518458286
-0.0205506943887
0.217013349891
-0.0589843791276
0.0621281064053
0.0621281064053
0.039371250062
0.0852705360294
0.0618759565629
0.137806873977
-0.0838865419433
0.220300920728
0.35325721961
0.35325721961
0.26900307838
0.125900747791
0.0231424296241
0.000252149842388
-0.080735756611
-1