11.31
7.98
5.6
42.22
25.11
20.91
10.98
38.23
22.54
14.27
49.26
13.44
11.16

2.08
2.32
1.24
49.52
98.08
0.247677529754
0.120830953551
0.406379004767
0.275191329039
0.737102954682
0.355207471907
0.185065472176
0.283424099686
0.743247624511
0.00148148148148
-0.0932621446614
-0.125114686053
0.907942550614

0.283424099686
0.284842607185
0.172417318682
0.436515091337
0.335811631359
0.335811631359
0.406242185052
0.235798341966
0.226791128235
0.251229290334
-0.21347805055
0.519853198182
4.70419763499
-4.31430700751
-11.1307384711
0.192051343698
-0.100013289392
0.109020503124
-0.0705673734078
-1