106.53
40.6
30.8
72.11
28.02
20.85
21.85
56.72
26.77
22.93
18.63
7.31
8.69

4.47
2.15
0.58
28.91
40.67
0.108940158115
0.0651521402051
0.0472728587963
0.225684734469
-0.0924200471211
0.234481937749
1.46221048354
0.0803504221909
-0.314867946737
-0.039506810406
0.75152401413
0.681300205492
-0.0374730888089

0.0803504221909
0.0661602261415
0.134032776219
-0.351421730267
-0.0286079689638
-0.0286079689638
-0.0333959165157
-0.0249229112417
0.136927547685
-0.194059704061
1.41108671789
-0.219620164659
-0.209093407312
-0.209093407312
-0.157916565286
-0.160146652334
0.00368505772205
-0.165535516649
-0.0758808277601
-1