55.4
25.39
19.31
34.98
16.85
12.19
30.7
56.49
33.6
30.53
22.45
17.21
17.08

7.71
1.86
0.72
34.86
53.51
0.139889196676
0.207747977863
-0.0644762666279
-0.106724244294
0.167091475503
-0.15153980244
-0.289409559513
0.0678504625003
-0.288589618022
0.0
2.29474027031
6.515
-0.445291192042

0.0678504625003
0.0903177383037
3.61270333075
0.0525525413591
0.0436755982004
0.0436755982004
0.000526315789474
0.0795363417657
0.0524280853696
0.103709833126
-0.793577981651
0.0775204177266
0.0730574324324
0.0730574324324
0.0582524271845
0.0903800916182
0.0358607435653
-0.0087524871692
0.108151864828
-1