20.43
12.02
9.96
12.58
7.66
6.13
15.93
33.61
23.69
16.88
16.61
10.15
11.75


1.48
1.25
48.73
95.03
0.775780082424
0.62961594976
0.242804315415
2.35205172458
1.07084634358
-0.600756018028
-0.916927402863
0.649311925711
0.247752138874
0.0338332752006
1.42193242913
2.81488555343
1.23887581977
303.7265625
0.649311925711
1.41036318592
-0.358083386033
0.884208830096
0.667707923072
0.667707923072
0.797973174716
0.458940563566
0.368384767343
0.56137149827
0.691272587466
0.554244885045
0.58024228587
0.575805218721
0.461087349111
0.484296065552
-0.208767359506
0.299323155729
0.424903607657
1