151.15
25.45
15.74
95.61
17.77
9.96
10.7
36.6
15.49
13.47
8.79
7.2
8.09

1.51
1.49
0.16
10.41
11.63
0.183047428945
0.0429393954795
0.0606319247617
0.212788094297
0.0303151086711
-0.129875392564
0.120775657813
0.134947013068
16.0440237226
0.00612244897959
0.0201319054889
0.0608084763331
0.0337413996519
-0.954606141522
0.134947013068
0.070767899188
0.12029285992
-0.130050591195
0.0750006109034
0.0750006109034
0.0405886906964
0.140318211594
0.100493796012
0.215905592612
0.27302402507
0.201939040484
0.218477649105
0.218477649105
0.181870301949
0.195274750177
0.0653176006908
-0.0254931851084
0.0143686861417
1