1.11
1.78
0.5
4.05
3.31
1.85
0.86
21.34
10.27
2.44
10.99
13.01
12.22


1.03
1.09
45.59
83.78
0.00338818973863
-0.0339622641509
0.080985915493
0.535714285714
0.0552147239264
-0.010752688172
-0.157894736842
0.0127659574468
0.0121268656716
0.0
-0.0403846153846
-0.101769911504
0.247899159664
0.25
0.0127659574468
-0.0348837209302
-0.782608695652
0.222542474318
-0.256012827365
-0.256012827365
-0.25
-0.277372262774
-0.0223048327138
-0.760563380282
2.66666666667
-0.911764705882
-0.918604651163
-0.666666666667
-0.357142857143
-0.423387096774
-0.0213594354087
-0.233707994651
-0.336998742858
1