13.2
7.88
4.85
15.6
9.17
5.73
4.67
23.14
6.62
4.41
7.73
11.85
12.15

2.76
2.02
1.18
36.76
58.12
-0.107124010554
0.0064308681672
-0.0732292917167
0.11856474259
0.134773662551
-0.262361838278
0.00527983104541
-0.0855175052611
-0.0659223817119
0.0
-0.0526649746193
0.00326797385621
-0.135593220339

-0.0855175052611
0.137870855148
-0.00256081946223
-0.474230225509
0.0846791793976
0.0846791793976
0.0757533089271
0.115421920466
0.0591581342435
0.440789473684
0.857142857143
0.459119496855
0.132450331126
-0.282722513089
-0.213114754098
0.27519379845
0.0307427410679
0.0255210451542
0.157908471114
-1