24.56
16.91
9.62
12.02
9.82
4.71
11.58
51.26
18.49
14.31
9.84
12.7
15.29

2.77
1.93
1.3
39.15
64.35
-0.021915042172
-0.0210619038647
0.204076859941
0.154783686406
0.065222011004
0.429452977634
0.39469931404
0.100581565897
0.131794253957
0.0
-0.0323603835199
-0.0756607267017
0.222293539039
-0.935742534741
0.100581565897
0.0747853453552
0.185091355515
0.476046175426
0.115565020354
0.115565020354
0.122281218145
0.109253485013
0.0470204355092
0.31039690002
0.446630073736
0.281941642474
1.44528193326
1.44528193326
0.498491183913
0.218484957681
-0.00631153534115
0.0685445848445
-0.0885118395871
1