67.69
40.52
23.0
48.15
29.08
16.36
19.98
32.8
22.79
20.09
16.92
7.37
12.37

18.79
1.34
1.41
33.98
51.46
0.142314990512
0.119565217391
0.0779160903642
0.178614823815
0.0758776896942
-0.097192224622
-0.242424242424
0.105066666667
-0.104895104895
0.0
0.387186629526
0.0224215246637
0.192597669637

0.105066666667
0.144927536232
-0.157746478873
-0.40319555225
0.080181200453
0.080181200453
0.0776731674512
0.0853573907009
0.0150753768844
0.135071090047
4.0
0.130486358244
0.158974358974
0.158974358974
0.147937411095
0.129937629938
0.0051761902479
0.0651058235686
0.00226511008878
-1