40.87
17.01
11.01
28.26
12.98
7.61
11.29
32.21
20.45
15.36
12.89
5.49
4.66


1.47
0.47
26.93
36.86
-0.033768826772
-0.0427574825594
-0.0717710095883
-0.0279151943463
0.00394347683207
-0.362592288761
-0.776515151515
-0.0427134844512
0.212802498048
0.0
-0.0386109339672
-0.110537900674
-0.306314651845
-0.770297837617
-0.0427134844512
0.0026026604974
2.39837398374
-0.00524894668337
-0.00936982634119
-0.00936982634119
-0.120293466224
0.348518683936
0.0768007271075
0.864853195164
0.141716566866
1.41628614916
1.5935706085
1.72670807453
0.725844835792
0.591915836102
0.357888510277
-0.0861705534487
0.0624011832471
1