0.51
2.89
0.15
-2.97
1.8
-0.86
0.38
92.37
31.12
14.44
14.44
9.5
8.25


1.4
0.46
28.83
40.51
-0.0517734781093
-0.0536581971086
0.159662511755
-0.109124118597
-0.0885707232782
0.210558633177
0.237173969988
-0.0311259147982
-0.11604616375
0.959827833572
-0.000808149511866
-0.017325822457
0.0803901602444
0.0709062774963
-0.0311259147982
0.493161166906
0.423521017125
0.302687015954
0.0382061894334
0.0382061894334
-0.022895937899
0.0435953933577
0.017943769571
0.207918012074
-1.2269762326
-0.994817088243
-0.980877239047
-1.03783439023
-0.808193197457
0.105753818635
0.00538920392423
0.0202624198624
-0.121456322321
1