15.56
9.97
5.57
9.41
7.39
3.37
6.27
32.78
11.27
8.7
6.37
7.91
6.55


4.27
0.72
35.78
55.73
0.0453017380256
-0.0151467603925
0.0107931993293
-0.0140470693235
-0.0270086880164
0.13712330321
0.226742082936
0.0234874489853
0.0365693888013
0.1
0.0169724729525
0.000949279698072
0.0142017926357
-0.502720348205
0.0234874489853
0.00104235628865
0.00975395836218
-0.0748375030201
0.0564037231553
0.0564037231553
0.0215846442704
0.135799205144
-0.0104069743922
0.922407226031
-0.475451783144
-67.9028871391
-24.0688622754
-24.0688622754
1.59103192874
0.577539001963
0.0793954819891
0.0668106975475
0.045610523826
-1