29.04
17.87
12.51
18.51
11.8
7.97
7.09
19.31
10.36
7.54
7.34
5.71
11.59

2.68
2.08
1.36
43.07
75.66
0.347822115097
0.422201932282
0.223786585505
0.29265125246
0.268131392529
0.120960758011
0.128707444325
0.279449955298
0.208120020049
-0.0150668970228
0.411236462342
0.703346785787
0.259236351389
2.10714636784
0.279449955298
0.316492154232
0.192713784978
0.307651341828
0.121233298495
0.121233298495
0.147782345434
0.022403190836
0.0184175202254
0.0286877431165
-0.172618280263
0.0447642874057
0.0394276024912
0.0383022441969
0.0559593826974
0.0435664055076
-0.0988301076593
0.10281577827
-0.10255328701
1