16.87
8.71
6.06
9.81
5.9
3.52
12.48
46.9
27.8
15.16
19.9
7.13
4.64


2.24
0.66
35.91
56.02
0.476534198344
0.147902372159
0.155971059561
-0.0286666071041
0.194832578185
0.493187904121
0.582470873499
0.392295461479
0.135135578357
0.0126582278481
0.963270730848
1.47212511095
-0.222093076122
-0.995617120286
0.392295461479
0.0225996628674
0.896806306045
0.0893861568372
0.256735739196
0.256735739196
0.234049778039
0.283446007598
0.149585452776
0.697267628753
0.198769230769
0.863494379717
0.850219394981
0.742351833971
0.33305026363
0.411672254549
0.0267102684018
0.10715028642
0.100764679635
1