26.32
12.83
7.85
20.49
10.91
6.11
15.01
75.17
18.93
11.74
18.87
9.94
6.54


1.27
0.49
29.81
42.48
-0.0153552443179
0.0254463068241
-0.39145990511
-0.0350877192982
0.106710020692
-0.67758314293
-0.631793478261
-0.0810399630525
0.166570271833
0.00668257756563
-0.0354474126658
-0.0168710701612
-0.542654028436
-0.98889583985
-0.0810399630525
0.320303383897
-3.54714064915
-0.0582824808763
0.0255213015864
0.0255213015864
0.0754624525297
0.0100311573828
0.0132363570654
-0.00693448110952
-1.92702485966
0.808858603066
0.811784897025
0.677628907836
0.345432546884
0.00224618149146
-0.0154901442036
0.012284944521
0.416981206696
-1