28.68
13.98
8.21
14.3
8.4
4.09
9.36
35.85
14.81
11.1
8.38
6.15
5.25


0.73
0.64
28.62
40.1
0.0610808028821
0.0470450475272
0.0295333727112
-0.135462555066
0.152500615915
0.0536057692308
-0.0692609782221
0.0548935888525
0.146474802061
0.0348332571951
-0.142759175885
-0.297459040518
0.526200674383
5.06984126984
0.0548935888525
-0.0575771533855
-6.17767653759
0.0756341274855
-0.0255150057513
-0.15353388909
-0.0234691932805
-0.0291539541866
-0.0352039037992
-0.0153870558376
0.0907054871221
-0.032895952689
-0.0688481675393
0.00967117988395
0.0249398381098
-0.000965018094089
0.124379934904
-0.118329985291
-0.183067261801
-1